source_file,particle_id,diameter_px,diameter_nm,center_x_nm,center_y_nm,center_x_px,center_y_px,kept,isolated
PEGDA01TPO10SiNPSam02_S2_P__GrID039_LOC_RC010006-5.00x5.00-Z Height_Forward-251001-CRO_24cecd9a.tiff,1,1.5957691216057308,15.583682828180965,185.54687499999997,4.8828125,18.999999999999996,0.5,0,0
PEGDA01TPO10SiNPSam02_S2_P__GrID039_LOC_RC010006-5.00x5.00-Z Height_Forward-251001-CRO_24cecd9a.tiff,2,2.5231325220201604,24.63996603535313,256.8359375,10.7421875,26.3,1.1,0,0
PEGDA01TPO10SiNPSam02_S2_P__GrID039_LOC_RC010006-5.00x5.00-Z Height_Forward-251001-CRO_24cecd9a.tiff,3,20.56004690782767,200.78170808425457,452.77790850903614,167.04513365963857,46.3644578313253,17.10542168674699,0,0
PEGDA01TPO10SiNPSam02_S2_P__GrID039_LOC_RC010006-5.00x5.00-Z Height_Forward-251001-CRO_24cecd9a.tiff,4,1.5957691216057308,15.583682828180965,615.2343749999999,4.8828125,62.999999999999986,0.5,0,0
PEGDA01TPO10SiNPSam02_S2_P__GrID039_LOC_RC010006-5.00x5.00-Z Height_Forward-251001-CRO_24cecd9a.tiff,5,28.944630252185586,282.66240480649986,809.8344889817629,275.1145754179331,82.92705167173251,28.17173252279635,0,0
PEGDA01TPO10SiNPSam02_S2_P__GrID039_LOC_RC010006-5.00x5.00-Z Height_Forward-251001-CRO_24cecd9a.tiff,6,2.985410660720923,29.154400983602766,963.3091517857141,7.67299107142857,98.64285714285712,0.7857142857142856,0,0
PEGDA01TPO10SiNPSam02_S2_P__GrID039_LOC_RC010006-5.00x5.00-Z Height_Forward-251001-CRO_24cecd9a.tiff,7,13.303394180365686,129.91595879263366,1456.8696605215825,44.788388039568346,149.18345323741005,4.586330935251799,0,0
PEGDA01TPO10SiNPSam02_S2_P__GrID039_LOC_RC010006-5.00x5.00-Z Height_Forward-251001-CRO_24cecd9a.tiff,8,2.5231325220201604,24.63996603535313,1721.6796875,8.7890625,176.3,0.9,0,0
PEGDA01TPO10SiNPSam02_S2_P__GrID039_LOC_RC010006-5.00x5.00-Z Height_Forward-251001-CRO_24cecd9a.tiff,9,14.884343478431232,145.354916781555,1857.208602729885,59.154992816091955,190.1781609195402,6.057471264367816,0,0
PEGDA01TPO10SiNPSam02_S2_P__GrID039_LOC_RC010006-5.00x5.00-Z Height_Forward-251001-CRO_24cecd9a.tiff,10,33.14823867276277,323.71326828869894,2001.6985171639626,334.33403642815756,204.97392815758977,34.23580533024334,0,0
PEGDA01TPO10SiNPSam02_S2_P__GrID039_LOC_RC010006-5.00x5.00-Z Height_Forward-251001-CRO_24cecd9a.tiff,11,22.98683125324351,224.48077395745614,2272.5550640060237,174.59290286144576,232.70963855421684,17.878313253012045,0,0
PEGDA01TPO10SiNPSam02_S2_P__GrID039_LOC_RC010006-5.00x5.00-Z Height_Forward-251001-CRO_24cecd9a.tiff,12,6.180387232371033,60.35534406612337,2475.911458333333,13.020833333333334,253.5333333333333,1.3333333333333335,0,0
PEGDA01TPO10SiNPSam02_S2_P__GrID039_LOC_RC010006-5.00x5.00-Z Height_Forward-251001-CRO_24cecd9a.tiff,13,2.763953195770684,26.991730427448086,2696.9401041666665,11.393229166666664,276.16666666666663,1.1666666666666665,0,0
PEGDA01TPO10SiNPSam02_S2_P__GrID039_LOC_RC010006-5.00x5.00-Z Height_Forward-251001-CRO_24cecd9a.tiff,14,3.385137501286538,33.057983411001345,2757.7039930555557,12.478298611111109,282.3888888888889,1.2777777777777775,0,0
PEGDA01TPO10SiNPSam02_S2_P__GrID039_LOC_RC010006-5.00x5.00-Z Height_Forward-251001-CRO_24cecd9a.tiff,15,13.493452297211721,131.7719950899582,3299.5178649475524,151.16231424825173,337.8706293706294,15.479020979020977,0,0
PEGDA01TPO10SiNPSam02_S2_P__GrID039_LOC_RC010006-5.00x5.00-Z Height_Forward-251001-CRO_24cecd9a.tiff,16,25.43237481489809,248.36303530173916,3640.501968503937,155.55794783464566,372.78740157480314,15.929133858267715,0,0
PEGDA01TPO10SiNPSam02_S2_P__GrID039_LOC_RC010006-5.00x5.00-Z Height_Forward-251001-CRO_24cecd9a.tiff,17,49.146062063634396,479.94201234017964,4298.669053933842,260.6423176396942,440.18371112282546,26.68977332630469,1,0
PEGDA01TPO10SiNPSam02_S2_P__GrID039_LOC_RC010006-5.00x5.00-Z Height_Forward-251001-CRO_24cecd9a.tiff,18,14.317526556719258,139.8195952804615,4941.739858307453,58.866702251552795,506.0341614906832,6.027950310559006,0,0
PEGDA01TPO10SiNPSam02_S2_P__GrID039_LOC_RC010006-5.00x5.00-Z Height_Forward-251001-CRO_24cecd9a.tiff,19,20.62188177498708,201.3855642088582,1068.3710703592815,132.6546126497006,109.40119760479043,13.58383233532934,0,0
PEGDA01TPO10SiNPSam02_S2_P__GrID039_LOC_RC010006-5.00x5.00-Z Height_Forward-251001-CRO_24cecd9a.tiff,20,1.9544100476116797,19.08603562120781,3556.315104166667,27.669270833333332,364.1666666666667,2.833333333333333,0,0
PEGDA01TPO10SiNPSam02_S2_P__GrID039_LOC_RC010006-5.00x5.00-Z Height_Forward-251001-CRO_24cecd9a.tiff,21,9.440697438826296,92.19431092603806,86.07700892857142,84.26339285714283,8.814285714285713,8.628571428571426,0,0
PEGDA01TPO10SiNPSam02_S2_P__GrID039_LOC_RC010006-5.00x5.00-Z Height_Forward-251001-CRO_24cecd9a.tiff,22,14.183506197980657,138.51080271465486,1279.1732594936707,146.11352848101262,130.98734177215186,14.962025316455692,0,0
PEGDA01TPO10SiNPSam02_S2_P__GrID039_LOC_RC010006-5.00x5.00-Z Height_Forward-251001-CRO_24cecd9a.tiff,23,3.5682482323055424,34.84617414360881,8.7890625,78.125,0.9,8.0,0,0
PEGDA01TPO10SiNPSam02_S2_P__GrID039_LOC_RC010006-5.00x5.00-Z Height_Forward-251001-CRO_24cecd9a.tiff,24,42.14462201640385,411.5685743789439,2977.406053987455,446.716089829749,304.88637992831536,45.7437275985663,1,0
PEGDA01TPO10SiNPSam02_S2_P__GrID039_LOC_RC010006-5.00x5.00-Z Height_Forward-251001-CRO_24cecd9a.tiff,25,18.0540666735282,176.30924485867385,249.17602539062497,226.55487060546872,25.515624999999996,23.199218749999996,0,0
PEGDA01TPO10SiNPSam02_S2_P__GrID039_LOC_RC010006-5.00x5.00-Z Height_Forward-251001-CRO_24cecd9a.tiff,26,13.727325035155395,134.0559085464394,3199.297930743243,130.25232263513513,327.60810810810807,13.337837837837837,0,0
PEGDA01TPO10SiNPSam02_S2_P__GrID039_LOC_RC010006-5.00x5.00-Z Height_Forward-251001-CRO_24cecd9a.tiff,27,9.373021315815206,91.53341128725788,4736.823482789855,98.71773097826085,485.0507246376811,10.10869565217391,0,0
PEGDA01TPO10SiNPSam02_S2_P__GrID039_LOC_RC010006-5.00x5.00-Z Height_Forward-251001-CRO_24cecd9a.tiff,28,1.1283791670955126,11.019327803667116,336.9140625,92.77343749999999,34.5,9.499999999999998,0,0
PEGDA01TPO10SiNPSam02_S2_P__GrID039_LOC_RC010006-5.00x5.00-Z Height_Forward-251001-CRO_24cecd9a.tiff,29,1.1283791670955126,11.019327803667116,2749.0234375,92.77343749999999,281.5,9.499999999999998,0,0
PEGDA01TPO10SiNPSam02_S2_P__GrID039_LOC_RC010006-5.00x5.00-Z Height_Forward-251001-CRO_24cecd9a.tiff,30,1.1283791670955126,11.019327803667116,346.67968749999994,102.53906249999999,35.49999999999999,10.499999999999998,0,0
PEGDA01TPO10SiNPSam02_S2_P__GrID039_LOC_RC010006-5.00x5.00-Z Height_Forward-251001-CRO_24cecd9a.tiff,31,9.0270333367641,88.15462242933692,4812.774658203124,183.86840820312497,492.8281249999999,18.828124999999996,0,0
PEGDA01TPO10SiNPSam02_S2_P__GrID039_LOC_RC010006-5.00x5.00-Z Height_Forward-251001-CRO_24cecd9a.tiff,32,1.1283791670955126,11.019327803667116,3100.5859375,161.1328125,317.5,16.5,0,0
PEGDA01TPO10SiNPSam02_S2_P__GrID039_LOC_RC010006-5.00x5.00-Z Height_Forward-251001-CRO_24cecd9a.tiff,33,3.9088200952233594,38.17207124241562,1510.4166666666665,183.9192708333333,154.66666666666666,18.83333333333333,0,0
PEGDA01TPO10SiNPSam02_S2_P__GrID039_LOC_RC010006-5.00x5.00-Z Height_Forward-251001-CRO_24cecd9a.tiff,34,1.1283791670955126,11.019327803667116,2153.3203125,170.89843749999997,220.5,17.499999999999996,0,0
PEGDA01TPO10SiNPSam02_S2_P__GrID039_LOC_RC010006-5.00x5.00-Z Height_Forward-251001-CRO_24cecd9a.tiff,35,3.385137501286538,33.057983411001345,1646.5928819444443,195.8550347222222,168.61111111111111,20.055555555555554,0,0
PEGDA01TPO10SiNPSam02_S2_P__GrID039_LOC_RC010006-5.00x5.00-Z Height_Forward-251001-CRO_24cecd9a.tiff,36,1.9544100476116797,19.08603562120781,3702.7994791666665,196.94010416666669,379.16666666666663,20.166666666666668,0,0
PEGDA01TPO10SiNPSam02_S2_P__GrID039_LOC_RC010006-5.00x5.00-Z Height_Forward-251001-CRO_24cecd9a.tiff,37,10.092530088080641,98.55986414141252,4974.365234374999,268.310546875,509.3749999999999,27.475,0,0
PEGDA01TPO10SiNPSam02_S2_P__GrID039_LOC_RC010006-5.00x5.00-Z Height_Forward-251001-CRO_24cecd9a.tiff,38,6.770275002573076,66.11596682200269,28.75434027777778,261.77300347222223,2.9444444444444446,26.805555555555557,0,0
PEGDA01TPO10SiNPSam02_S2_P__GrID039_LOC_RC010006-5.00x5.00-Z Height_Forward-251001-CRO_24cecd9a.tiff,39,37.77964438223469,368.94183967026066,3491.5419756355927,541.0687653322925,357.5338983050847,55.40544157002675,1,0
PEGDA01TPO10SiNPSam02_S2_P__GrID039_LOC_RC010006-5.00x5.00-Z Height_Forward-251001-CRO_24cecd9a.tiff,40,3.9088200952233594,38.17207124241562,4775.390624999999,268.55468749999994,488.9999999999999,27.499999999999993,0,0
PEGDA01TPO10SiNPSam02_S2_P__GrID039_LOC_RC010006-5.00x5.00-Z Height_Forward-251001-CRO_24cecd9a.tiff,41,38.62948027646257,377.24101832482984,1224.6610361561432,516.1616094283277,125.40529010238906,52.85494880546075,1,1
PEGDA01TPO10SiNPSam02_S2_P__GrID039_LOC_RC010006-5.00x5.00-Z Height_Forward-251001-CRO_24cecd9a.tiff,42,1.9544100476116797,19.08603562120781,4734.700520833333,265.29947916666663,484.8333333333333,27.166666666666664,0,0
PEGDA01TPO10SiNPSam02_S2_P__GrID039_LOC_RC010006-5.00x5.00-Z Height_Forward-251001-CRO_24cecd9a.tiff,43,21.14017691983778,206.44704023279084,2588.1827590811963,397.67795138888886,265.0299145299145,40.72222222222222,0,0
PEGDA01TPO10SiNPSam02_S2_P__GrID039_LOC_RC010006-5.00x5.00-Z Height_Forward-251001-CRO_24cecd9a.tiff,44,1.9544100476116797,19.08603562120781,203.4505208333333,281.5755208333333,20.83333333333333,28.833333333333332,0,0
PEGDA01TPO10SiNPSam02_S2_P__GrID039_LOC_RC010006-5.00x5.00-Z Height_Forward-251001-CRO_24cecd9a.tiff,45,11.994835078277376,117.1370613113025,2395.559665376106,342.61787887168134,245.30530973451323,35.08407079646017,0,0
PEGDA01TPO10SiNPSam02_S2_P__GrID039_LOC_RC010006-5.00x5.00-Z Height_Forward-251001-CRO_24cecd9a.tiff,46,2.256758334191025,22.03865560733423,3249.5117187499995,300.29296875,332.74999999999994,30.75,0,0
PEGDA01TPO10SiNPSam02_S2_P__GrID039_LOC_RC010006-5.00x5.00-Z Height_Forward-251001-CRO_24cecd9a.tiff,47,8.812923024107548,86.06370140730027,136.79879610655735,357.726050204918,14.008196721311473,36.631147540983605,0,0
PEGDA01TPO10SiNPSam02_S2_P__GrID039_LOC_RC010006-5.00x5.00-Z Height_Forward-251001-CRO_24cecd9a.tiff,48,5.046265044040321,49.27993207070626,1790.0390625,335.44921875,183.3,34.35,0,0
PEGDA01TPO10SiNPSam02_S2_P__GrID039_LOC_RC010006-5.00x5.00-Z Height_Forward-251001-CRO_24cecd9a.tiff,49,1.5957691216057308,15.583682828180965,195.31249999999997,327.14843749999994,19.999999999999996,33.49999999999999,0,0
PEGDA01TPO10SiNPSam02_S2_P__GrID039_LOC_RC010006-5.00x5.00-Z Height_Forward-251001-CRO_24cecd9a.tiff,50,3.1915382432114616,31.16736565636193,328.36914062499994,364.99023437499994,33.62499999999999,37.37499999999999,0,0
PEGDA01TPO10SiNPSam02_S2_P__GrID039_LOC_RC010006-5.00x5.00-Z Height_Forward-251001-CRO_24cecd9a.tiff,51,19.413369239820483,189.5836839826219,4774.004961993242,482.54064611486484,488.858108108108,49.41216216216216,0,0
PEGDA01TPO10SiNPSam02_S2_P__GrID039_LOC_RC010006-5.00x5.00-Z Height_Forward-251001-CRO_24cecd9a.tiff,52,3.5682482323055424,34.84617414360881,3734.374999999999,387.6953125,382.3999999999999,39.7,0,0
PEGDA01TPO10SiNPSam02_S2_P__GrID039_LOC_RC010006-5.00x5.00-Z Height_Forward-251001-CRO_24cecd9a.tiff,53,26.986904594423443,263.5439901799164,410.2416138548951,553.345580201049,42.00874125874126,56.66258741258741,0,0
PEGDA01TPO10SiNPSam02_S2_P__GrID039_LOC_RC010006-5.00x5.00-Z Height_Forward-251001-CRO_24cecd9a.tiff,54,16.42944866646031,160.44383463340145,4061.348393278301,509.3786851415094,415.88207547169804,52.160377358490564,0,0
PEGDA01TPO10SiNPSam02_S2_P__GrID039_LOC_RC010006-5.00x5.00-Z Height_Forward-251001-CRO_24cecd9a.tiff,55,1.1283791670955126,11.019327803667116,4995.1171875,395.5078125,511.5,40.5,0,0
PEGDA01TPO10SiNPSam02_S2_P__GrID039_LOC_RC010006-5.00x5.00-Z Height_Forward-251001-CRO_24cecd9a.tiff,56,1.5957691216057308,15.583682828180965,3237.3046875,410.15624999999994,331.5,41.99999999999999,0,0
PEGDA01TPO10SiNPSam02_S2_P__GrID039_LOC_RC010006-5.00x5.00-Z Height_Forward-251001-CRO_24cecd9a.tiff,57,1.1283791670955126,11.019327803667116,92.77343749999999,434.5703125,9.499999999999998,44.5,0,0
PEGDA01TPO10SiNPSam02_S2_P__GrID039_LOC_RC010006-5.00x5.00-Z Height_Forward-251001-CRO_24cecd9a.tiff,58,1.1283791670955126,11.019327803667116,2436.5234375,434.5703125,249.5,44.5,0,0
PEGDA01TPO10SiNPSam02_S2_P__GrID039_LOC_RC010006-5.00x5.00-Z Height_Forward-251001-CRO_24cecd9a.tiff,59,3.385137501286538,33.057983411001345,8.138020833333332,470.3776041666666,0.8333333333333333,48.16666666666666,0,0
PEGDA01TPO10SiNPSam02_S2_P__GrID039_LOC_RC010006-5.00x5.00-Z Height_Forward-251001-CRO_24cecd9a.tiff,60,10.464157913908982,102.1890421280174,1636.8777252906975,510.42423691860466,167.61627906976742,52.26744186046512,0,0
PEGDA01TPO10SiNPSam02_S2_P__GrID039_LOC_RC010006-5.00x5.00-Z Height_Forward-251001-CRO_24cecd9a.tiff,61,5.046265044040321,49.27993207070626,181.640625,488.76953124999994,18.6,50.05,0,0
PEGDA01TPO10SiNPSam02_S2_P__GrID039_LOC_RC010006-5.00x5.00-Z Height_Forward-251001-CRO_24cecd9a.tiff,62,7.48482063701911,73.09395153338976,1766.024502840909,516.2464488636364,180.8409090909091,52.86363636363637,0,0
PEGDA01TPO10SiNPSam02_S2_P__GrID039_LOC_RC010006-5.00x5.00-Z Height_Forward-251001-CRO_24cecd9a.tiff,63,3.5682482323055424,34.84617414360881,2464.84375,484.375,252.4,49.6,0,0
PEGDA01TPO10SiNPSam02_S2_P__GrID039_LOC_RC010006-5.00x5.00-Z Height_Forward-251001-CRO_24cecd9a.tiff,64,4.068428945128219,39.73075141726777,3890.8503605769224,507.43689903846143,398.42307692307685,51.96153846153845,0,0
PEGDA01TPO10SiNPSam02_S2_P__GrID039_LOC_RC010006-5.00x5.00-Z Height_Forward-251001-CRO_24cecd9a.tiff,65,27.59342761875783,269.4670665894319,1519.6161684782608,731.1807587792641,155.6086956521739,74.87290969899665,0,0
PEGDA01TPO10SiNPSam02_S2_P__GrID039_LOC_RC010006-5.00x5.00-Z Height_Forward-251001-CRO_24cecd9a.tiff,66,43.51215006203655,424.9233404495757,2448.758379917619,864.1593024966375,250.7528581035642,88.48991257565568,1,0
PEGDA01TPO10SiNPSam02_S2_P__GrID039_LOC_RC010006-5.00x5.00-Z Height_Forward-251001-CRO_24cecd9a.tiff,67,30.277590264241923,295.6795924242375,2790.5815972222217,861.0568576388888,285.75555555555553,88.17222222222222,0,0
PEGDA01TPO10SiNPSam02_S2_P__GrID039_LOC_RC010006-5.00x5.00-Z Height_Forward-251001-CRO_24cecd9a.tiff,68,2.5231325220201604,24.63996603535313,3780.2734375,510.74218749999994,387.1,52.3,0,0
PEGDA01TPO10SiNPSam02_S2_P__GrID039_LOC_RC010006-5.00x5.00-Z Height_Forward-251001-CRO_24cecd9a.tiff,69,30.130048048354833,294.23875047221514,4875.943690830995,797.0078563288919,499.29663394109394,81.61360448807852,0,0
PEGDA01TPO10SiNPSam02_S2_P__GrID039_LOC_RC010006-5.00x5.00-Z Height_Forward-251001-CRO_24cecd9a.tiff,70,1.9544100476116797,19.08603562120781,3566.0807291666665,528.9713541666666,365.16666666666663,54.166666666666664,0,0
PEGDA01TPO10SiNPSam02_S2_P__GrID039_LOC_RC010006-5.00x5.00-Z Height_Forward-251001-CRO_24cecd9a.tiff,71,15.594510349620345,152.2901401330112,663.1166148560209,633.103934882199,67.90314136125654,64.82984293193718,0,0
PEGDA01TPO10SiNPSam02_S2_P__GrID039_LOC_RC010006-5.00x5.00-Z Height_Forward-251001-CRO_24cecd9a.tiff,72,6.282549314314218,61.353020647599784,2126.2285786290317,576.0143649193549,217.72580645161284,58.983870967741936,0,0
PEGDA01TPO10SiNPSam02_S2_P__GrID039_LOC_RC010006-5.00x5.00-Z Height_Forward-251001-CRO_24cecd9a.tiff,73,1.1283791670955126,11.019327803667116,2495.1171875,532.2265624999999,255.5,54.499999999999986,0,0
PEGDA01TPO10SiNPSam02_S2_P__GrID039_LOC_RC010006-5.00x5.00-Z Height_Forward-251001-CRO_24cecd9a.tiff,74,22.16913314200113,216.49544083985478,2043.8238746761654,710.7654630829015,209.28756476683932,72.78238341968911,0,0
PEGDA01TPO10SiNPSam02_S2_P__GrID039_LOC_RC010006-5.00x5.00-Z Height_Forward-251001-CRO_24cecd9a.tiff,75,1.5957691216057308,15.583682828180965,2744.1406249999995,551.7578125,280.99999999999994,56.5,0,0
PEGDA01TPO10SiNPSam02_S2_P__GrID039_LOC_RC010006-5.00x5.00-Z Height_Forward-251001-CRO_24cecd9a.tiff,76,21.200319792199185,207.03437297069516,4456.375597556657,636.1350256728044,456.3328611898017,65.14022662889518,0,0
PEGDA01TPO10SiNPSam02_S2_P__GrID039_LOC_RC010006-5.00x5.00-Z Height_Forward-251001-CRO_24cecd9a.tiff,77,9.574614729634384,93.50209696908577,1698.1336805555554,614.1493055555554,173.88888888888889,62.88888888888888,0,0
PEGDA01TPO10SiNPSam02_S2_P__GrID039_LOC_RC010006-5.00x5.00-Z Height_Forward-251001-CRO_24cecd9a.tiff,78,1.5957691216057308,15.583682828180965,4.8828125,595.703125,0.5,61.0,0,0
PEGDA01TPO10SiNPSam02_S2_P__GrID039_LOC_RC010006-5.00x5.00-Z Height_Forward-251001-CRO_24cecd9a.tiff,79,3.9088200952233594,38.17207124241562,147.29817708333334,616.8619791666665,15.083333333333334,63.16666666666665,0,0
PEGDA01TPO10SiNPSam02_S2_P__GrID039_LOC_RC010006-5.00x5.00-Z Height_Forward-251001-CRO_24cecd9a.tiff,80,4.918490759365935,48.03213632193296,2226.8194901315787,620.6311677631578,228.02631578947367,63.552631578947356,0,0
PEGDA01TPO10SiNPSam02_S2_P__GrID039_LOC_RC010006-5.00x5.00-Z Height_Forward-251001-CRO_24cecd9a.tiff,81,1.1283791670955126,11.019327803667116,874.0234375,610.3515624999999,89.5,62.499999999999986,0,0
PEGDA01TPO10SiNPSam02_S2_P__GrID039_LOC_RC010006-5.00x5.00-Z Height_Forward-251001-CRO_24cecd9a.tiff,82,1.1283791670955126,11.019327803667116,3813.4765624999995,620.1171874999999,390.49999999999994,63.499999999999986,0,0
PEGDA01TPO10SiNPSam02_S2_P__GrID039_LOC_RC010006-5.00x5.00-Z Height_Forward-251001-CRO_24cecd9a.tiff,83,1.5957691216057308,15.583682828180965,3281.2499999999995,629.8828125,335.99999999999994,64.5,0,0
PEGDA01TPO10SiNPSam02_S2_P__GrID039_LOC_RC010006-5.00x5.00-Z Height_Forward-251001-CRO_24cecd9a.tiff,84,1.1283791670955126,11.019327803667116,4838.867187499999,639.6484375,495.4999999999999,65.5,0,0
PEGDA01TPO10SiNPSam02_S2_P__GrID039_LOC_RC010006-5.00x5.00-Z Height_Forward-251001-CRO_24cecd9a.tiff,85,10.341765891652821,100.99380753567209,939.1276041666666,695.1032366071429,96.16666666666666,71.17857142857143,0,0
PEGDA01TPO10SiNPSam02_S2_P__GrID039_LOC_RC010006-5.00x5.00-Z Height_Forward-251001-CRO_24cecd9a.tiff,86,2.5231325220201604,24.63996603535313,3993.1640624999995,666.9921874999999,408.9,68.29999999999998,0,0
PEGDA01TPO10SiNPSam02_S2_P__GrID039_LOC_RC010006-5.00x5.00-Z Height_Forward-251001-CRO_24cecd9a.tiff,87,1.1283791670955126,11.019327803667116,2260.7421875,678.7109375,231.5,69.5,0,0
PEGDA01TPO10SiNPSam02_S2_P__GrID039_LOC_RC010006-5.00x5.00-Z Height_Forward-251001-CRO_24cecd9a.tiff,88,1.9544100476116797,19.08603562120781,3738.606770833333,681.9661458333333,382.8333333333333,69.83333333333333,0,0
PEGDA01TPO10SiNPSam02_S2_P__GrID039_LOC_RC010006-5.00x5.00-Z Height_Forward-251001-CRO_24cecd9a.tiff,89,5.046265044040321,49.27993207070626,4648.437499999999,703.1249999999999,475.9999999999999,71.99999999999999,0,0
PEGDA01TPO10SiNPSam02_S2_P__GrID039_LOC_RC010006-5.00x5.00-Z Height_Forward-251001-CRO_24cecd9a.tiff,90,2.5231325220201604,24.63996603535313,1083.0078125,696.2890624999999,110.9,71.29999999999998,0,0
PEGDA01TPO10SiNPSam02_S2_P__GrID039_LOC_RC010006-5.00x5.00-Z Height_Forward-251001-CRO_24cecd9a.tiff,91,2.256758334191025,22.03865560733423,1679.6874999999998,693.3593749999999,171.99999999999997,70.99999999999999,0,0
PEGDA01TPO10SiNPSam02_S2_P__GrID039_LOC_RC010006-5.00x5.00-Z Height_Forward-251001-CRO_24cecd9a.tiff,92,97.06684619910241,947.9184199131095,3926.142842060811,1199.222709037162,402.037027027027,122.8004054054054,0,0
PEGDA01TPO10SiNPSam02_S2_P__GrID039_LOC_RC010006-5.00x5.00-Z Height_Forward-251001-CRO_24cecd9a.tiff,93,37.94777892176918,370.5837785329021,274.78016550618923,884.3244018015031,28.137488947833777,90.55481874447392,1,1
PEGDA01TPO10SiNPSam02_S2_P__GrID039_LOC_RC010006-5.00x5.00-Z Height_Forward-251001-CRO_24cecd9a.tiff,94,5.641895835477563,55.09663901833557,1841.2109374999998,732.2265625,188.53999999999996,74.98,0,0
PEGDA01TPO10SiNPSam02_S2_P__GrID039_LOC_RC010006-5.00x5.00-Z Height_Forward-251001-CRO_24cecd9a.tiff,95,12.153015559492998,118.68179257317381,825.7846174568964,834.876751077586,84.56034482758619,85.49137931034481,0,0
PEGDA01TPO10SiNPSam02_S2_P__GrID039_LOC_RC010006-5.00x5.00-Z Height_Forward-251001-CRO_24cecd9a.tiff,96,13.303394180365686,129.91595879263366,1801.0552495503596,870.0188286870504,184.42805755395682,89.08992805755396,0,0
PEGDA01TPO10SiNPSam02_S2_P__GrID039_LOC_RC010006-5.00x5.00-Z Height_Forward-251001-CRO_24cecd9a.tiff,97,20.65272978291924,201.68681428632073,3271.032532649254,933.6666277985073,334.9537313432836,95.60746268656715,0,0
PEGDA01TPO10SiNPSam02_S2_P__GrID039_LOC_RC010006-5.00x5.00-Z Height_Forward-251001-CRO_24cecd9a.tiff,98,25.003212122944625,244.1719933881311,1070.847521003055,1032.2822524185337,109.65478615071282,105.70570264765786,0,0
PEGDA01TPO10SiNPSam02_S2_P__GrID039_LOC_RC010006-5.00x5.00-Z Height_Forward-251001-CRO_24cecd9a.tiff,99,2.5231325220201604,24.63996603535313,1270.5078124999998,836.9140624999999,130.09999999999997,85.69999999999999,0,0
PEGDA01TPO10SiNPSam02_S2_P__GrID039_LOC_RC010006-5.00x5.00-Z Height_Forward-251001-CRO_24cecd9a.tiff,100,2.763953195770684,26.991730427448086,1979.1666666666663,852.8645833333331,202.66666666666663,87.33333333333331,0,0
PEGDA01TPO10SiNPSam02_S2_P__GrID039_LOC_RC010006-5.00x5.00-Z Height_Forward-251001-CRO_24cecd9a.tiff,101,62.24522419133134,607.8635174934701,489.20068856802493,1325.0650185877423,50.094150509365754,135.68665790338483,0,0
PEGDA01TPO10SiNPSam02_S2_P__GrID039_LOC_RC010006-5.00x5.00-Z Height_Forward-251001-CRO_24cecd9a.tiff,102,6.180387232371033,60.35534406612337,4641.601562499999,923.1770833333331,475.2999999999999,94.53333333333332,0,0
PEGDA01TPO10SiNPSam02_S2_P__GrID039_LOC_RC010006-5.00x5.00-Z Height_Forward-251001-CRO_24cecd9a.tiff,103,4.787307364817192,46.751048484542885,1131.1848958333333,942.3828124999999,115.83333333333333,96.49999999999999,0,0
PEGDA01TPO10SiNPSam02_S2_P__GrID039_LOC_RC010006-5.00x5.00-Z Height_Forward-251001-CRO_24cecd9a.tiff,104,13.303394180365686,129.91595879263366,2970.3307666366904,1084.441040917266,304.16187050359713,111.04676258992804,0,0
PEGDA01TPO10SiNPSam02_S2_P__GrID039_LOC_RC010006-5.00x5.00-Z Height_Forward-251001-CRO_24cecd9a.tiff,105,16.85029431422316,164.55365541233553,1347.8533141816142,1072.7079246076232,138.0201793721973,109.84529147982062,0,0
PEGDA01TPO10SiNPSam02_S2_P__GrID039_LOC_RC010006-5.00x5.00-Z Height_Forward-251001-CRO_24cecd9a.tiff,106,21.049640414216977,205.56289467008767,1996.789691091954,1127.985811781609,204.47126436781608,115.50574712643677,0,0
PEGDA01TPO10SiNPSam02_S2_P__GrID039_LOC_RC010006-5.00x5.00-Z Height_Forward-251001-CRO_24cecd9a.tiff,107,2.763953195770684,26.991730427448086,3180.3385416666665,1010.7421874999999,325.66666666666663,103.49999999999999,0,0
PEGDA01TPO10SiNPSam02_S2_P__GrID039_LOC_RC010006-5.00x5.00-Z Height_Forward-251001-CRO_24cecd9a.tiff,108,13.81976597885342,134.95865213724042,1548.3072916666663,1115.5598958333333,158.54666666666662,114.23333333333332,0,0
PEGDA01TPO10SiNPSam02_S2_P__GrID039_LOC_RC010006-5.00x5.00-Z Height_Forward-251001-CRO_24cecd9a.tiff,109,5.753627391751592,56.18776749757414,4868.1640625,1067.833533653846,498.5,109.34615384615383,0,0
PEGDA01TPO10SiNPSam02_S2_P__GrID039_LOC_RC010006-5.00x5.00-Z Height_Forward-251001-CRO_24cecd9a.tiff,110,1.9544100476116797,19.08603562120781,154.62239583333331,1053.0598958333333,15.833333333333332,107.83333333333333,0,0
PEGDA01TPO10SiNPSam02_S2_P__GrID039_LOC_RC010006-5.00x5.00-Z Height_Forward-251001-CRO_24cecd9a.tiff,111,1.5957691216057308,15.583682828180965,4970.703125,1049.8046875,509.0,107.5,0,0
PEGDA01TPO10SiNPSam02_S2_P__GrID039_LOC_RC010006-5.00x5.00-Z Height_Forward-251001-CRO_24cecd9a.tiff,112,4.652426491681278,45.43385245782498,4952.033547794117,1080.8249080882351,507.08823529411757,110.67647058823528,0,0
PEGDA01TPO10SiNPSam02_S2_P__GrID039_LOC_RC010006-5.00x5.00-Z Height_Forward-251001-CRO_24cecd9a.tiff,113,1.1283791670955126,11.019327803667116,1459.9609374999998,1069.3359374999998,149.49999999999997,109.49999999999997,0,0
PEGDA01TPO10SiNPSam02_S2_P__GrID039_LOC_RC010006-5.00x5.00-Z Height_Forward-251001-CRO_24cecd9a.tiff,114,7.569397566060481,73.91989810605938,3083.0078124999995,1111.2196180555554,315.69999999999993,113.78888888888888,0,0
PEGDA01TPO10SiNPSam02_S2_P__GrID039_LOC_RC010006-5.00x5.00-Z Height_Forward-251001-CRO_24cecd9a.tiff,115,7.898654169668588,77.1352946256698,39.959343112244895,1126.5345982142856,4.091836734693877,115.35714285714285,0,0
PEGDA01TPO10SiNPSam02_S2_P__GrID039_LOC_RC010006-5.00x5.00-Z Height_Forward-251001-CRO_24cecd9a.tiff,116,4.068428945128219,39.73075141726777,140.09915865384616,1102.3888221153845,14.346153846153847,112.88461538461537,0,0
PEGDA01TPO10SiNPSam02_S2_P__GrID039_LOC_RC010006-5.00x5.00-Z Height_Forward-251001-CRO_24cecd9a.tiff,117,12.716187407449045,124.18151765086958,1747.393270177165,1136.3112081692911,178.9330708661417,116.35826771653541,0,0
PEGDA01TPO10SiNPSam02_S2_P__GrID039_LOC_RC010006-5.00x5.00-Z Height_Forward-251001-CRO_24cecd9a.tiff,118,2.256758334191025,22.03865560733423,4633.789062499999,1086.42578125,474.4999999999999,111.25,0,0
PEGDA01TPO10SiNPSam02_S2_P__GrID039_LOC_RC010006-5.00x5.00-Z Height_Forward-251001-CRO_24cecd9a.tiff,119,1.1283791670955126,11.019327803667116,4624.0234375,1108.3984375,473.5,113.5,0,0
PEGDA01TPO10SiNPSam02_S2_P__GrID039_LOC_RC010006-5.00x5.00-Z Height_Forward-251001-CRO_24cecd9a.tiff,120,3.9088200952233594,38.17207124241562,4586.588541666667,1136.0677083333333,469.6666666666667,116.33333333333333,0,0
PEGDA01TPO10SiNPSam02_S2_P__GrID039_LOC_RC010006-5.00x5.00-Z Height_Forward-251001-CRO_24cecd9a.tiff,121,1.1283791670955126,11.019327803667116,2670.8984374999995,1137.6953124999998,273.49999999999994,116.49999999999997,0,0
PEGDA01TPO10SiNPSam02_S2_P__GrID039_LOC_RC010006-5.00x5.00-Z Height_Forward-251001-CRO_24cecd9a.tiff,122,1.1283791670955126,11.019327803667116,2231.4453124999995,1147.4609374999998,228.49999999999994,117.49999999999997,0,0
PEGDA01TPO10SiNPSam02_S2_P__GrID039_LOC_RC010006-5.00x5.00-Z Height_Forward-251001-CRO_24cecd9a.tiff,123,3.1915382432114616,31.16736565636193,2856.4453124999995,1191.40625,292.49999999999994,122.0,0,0
PEGDA01TPO10SiNPSam02_S2_P__GrID039_LOC_RC010006-5.00x5.00-Z Height_Forward-251001-CRO_24cecd9a.tiff,124,6.383076486422923,62.33473131272386,1617.7368164062498,1213.68408203125,165.65624999999997,124.28125,0,0
PEGDA01TPO10SiNPSam02_S2_P__GrID039_LOC_RC010006-5.00x5.00-Z Height_Forward-251001-CRO_24cecd9a.tiff,125,2.5231325220201604,24.63996603535313,1784.1796874999995,1219.7265625,182.69999999999996,124.9,0,0
PEGDA01TPO10SiNPSam02_S2_P__GrID039_LOC_RC010006-5.00x5.00-Z Height_Forward-251001-CRO_24cecd9a.tiff,126,1.1283791670955126,11.019327803667116,1811.5234374999998,1215.8203124999998,185.49999999999997,124.49999999999997,0,0
PEGDA01TPO10SiNPSam02_S2_P__GrID039_LOC_RC010006-5.00x5.00-Z Height_Forward-251001-CRO_24cecd9a.tiff,127,18.403307281560924,179.7197976714934,4768.121475563909,1306.7581062030076,488.25563909774434,133.81203007518798,0,0
PEGDA01TPO10SiNPSam02_S2_P__GrID039_LOC_RC010006-5.00x5.00-Z Height_Forward-251001-CRO_24cecd9a.tiff,128,17.22396045987371,168.2027388659542,82.96589994635194,1364.5260528433473,8.495708154506438,139.72746781115876,0,0
PEGDA01TPO10SiNPSam02_S2_P__GrID039_LOC_RC010006-5.00x5.00-Z Height_Forward-251001-CRO_24cecd9a.tiff,129,24.488687706168772,239.14734088055442,880.2435808121018,1441.155370886412,90.13694267515922,147.57430997876858,0,0
PEGDA01TPO10SiNPSam02_S2_P__GrID039_LOC_RC010006-5.00x5.00-Z Height_Forward-251001-CRO_24cecd9a.tiff,130,22.05396803500069,215.37078159180362,3056.33385143979,1394.567040248691,312.9685863874345,142.80366492146595,0,0
PEGDA01TPO10SiNPSam02_S2_P__GrID039_LOC_RC010006-5.00x5.00-Z Height_Forward-251001-CRO_24cecd9a.tiff,131,2.985410660720923,29.154400983602766,2211.9140624999995,1369.2801339285713,226.49999999999994,140.2142857142857,0,0
PEGDA01TPO10SiNPSam02_S2_P__GrID039_LOC_RC010006-5.00x5.00-Z Height_Forward-251001-CRO_24cecd9a.tiff,132,10.998079684646791,107.40312192037882,2717.259457236842,1441.663240131579,278.2473684210526,147.6263157894737,0,0
PEGDA01TPO10SiNPSam02_S2_P__GrID039_LOC_RC010006-5.00x5.00-Z Height_Forward-251001-CRO_24cecd9a.tiff,133,8.368283871884005,81.72152218636724,1577.858664772727,1415.2166193181815,161.57272727272724,144.91818181818178,0,0
PEGDA01TPO10SiNPSam02_S2_P__GrID039_LOC_RC010006-5.00x5.00-Z Height_Forward-251001-CRO_24cecd9a.tiff,134,41.42857596276994,404.5759371364252,1789.398646142433,1733.9852443434715,183.23442136498514,177.5600890207715,1,0
PEGDA01TPO10SiNPSam02_S2_P__GrID039_LOC_RC010006-5.00x5.00-Z Height_Forward-251001-CRO_24cecd9a.tiff,135,7.898654169668588,77.1352946256698,1365.6927614795918,1434.2514349489795,139.8469387755102,146.8673469387755,0,0
PEGDA01TPO10SiNPSam02_S2_P__GrID039_LOC_RC010006-5.00x5.00-Z Height_Forward-251001-CRO_24cecd9a.tiff,136,20.310825007719227,198.34790046600807,1174.07527970679,1536.4583333333333,120.2253086419753,157.33333333333331,0,0
PEGDA01TPO10SiNPSam02_S2_P__GrID039_LOC_RC010006-5.00x5.00-Z Height_Forward-251001-CRO_24cecd9a.tiff,137,38.24855862513909,373.52108032362395,2402.611476011749,1634.2973169604,246.0274151436031,167.35204525674496,1,0
PEGDA01TPO10SiNPSam02_S2_P__GrID039_LOC_RC010006-5.00x5.00-Z Height_Forward-251001-CRO_24cecd9a.tiff,138,1.1283791670955126,11.019327803667116,2661.1328124999995,1401.3671874999998,272.49999999999994,143.49999999999997,0,0
PEGDA01TPO10SiNPSam02_S2_P__GrID039_LOC_RC010006-5.00x5.00-Z Height_Forward-251001-CRO_24cecd9a.tiff,139,2.5231325220201604,24.63996603535313,4993.164062499999,1426.7578124999998,511.2999999999999,146.09999999999997,0,0
PEGDA01TPO10SiNPSam02_S2_P__GrID039_LOC_RC010006-5.00x5.00-Z Height_Forward-251001-CRO_24cecd9a.tiff,140,40.464627201166934,395.16237501139585,4809.486780715397,1803.830919517885,492.49144634525663,184.71228615863143,0,0
PEGDA01TPO10SiNPSam02_S2_P__GrID039_LOC_RC010006-5.00x5.00-Z Height_Forward-251001-CRO_24cecd9a.tiff,141,7.399277020331919,72.2585646516789,4902.003088662791,1521.9613008720928,501.9651162790698,155.8488372093023,0,0
PEGDA01TPO10SiNPSam02_S2_P__GrID039_LOC_RC010006-5.00x5.00-Z Height_Forward-251001-CRO_24cecd9a.tiff,142,2.985410660720923,29.154400983602766,1545.0613839285713,1514.369419642857,158.2142857142857,155.07142857142856,0,0
PEGDA01TPO10SiNPSam02_S2_P__GrID039_LOC_RC010006-5.00x5.00-Z Height_Forward-251001-CRO_24cecd9a.tiff,143,1.1283791670955126,11.019327803667116,4838.867187499999,1499.0234375,495.4999999999999,153.5,0,0
PEGDA01TPO10SiNPSam02_S2_P__GrID039_LOC_RC010006-5.00x5.00-Z Height_Forward-251001-CRO_24cecd9a.tiff,144,42.430657740076576,414.36189199293534,3277.575804455445,1777.8755414603959,335.62376237623755,182.05445544554453,1,0
PEGDA01TPO10SiNPSam02_S2_P__GrID039_LOC_RC010006-5.00x5.00-Z Height_Forward-251001-CRO_24cecd9a.tiff,145,23.31680264534386,227.70315083343613,1383.1852861533957,1711.3743230386415,141.63817330210773,175.24473067915687,0,0
PEGDA01TPO10SiNPSam02_S2_P__GrID039_LOC_RC010006-5.00x5.00-Z Height_Forward-251001-CRO_24cecd9a.tiff,146,2.763953195770684,26.991730427448086,1533.2031249999998,1557.6171874999998,156.99999999999997,159.49999999999997,0,0
PEGDA01TPO10SiNPSam02_S2_P__GrID039_LOC_RC010006-5.00x5.00-Z Height_Forward-251001-CRO_24cecd9a.tiff,147,32.19343084255579,314.3889730718339,2724.3574362714985,1814.9785972051593,278.97420147420144,185.85380835380832,0,0
PEGDA01TPO10SiNPSam02_S2_P__GrID039_LOC_RC010006-5.00x5.00-Z Height_Forward-251001-CRO_24cecd9a.tiff,148,1.1283791670955126,11.019327803667116,4877.929687499999,1586.9140625,499.4999999999999,162.5,0,0
PEGDA01TPO10SiNPSam02_S2_P__GrID039_LOC_RC010006-5.00x5.00-Z Height_Forward-251001-CRO_24cecd9a.tiff,149,1.5957691216057308,15.583682828180965,4887.6953125,1601.5625,500.5,164.0,0,0
PEGDA01TPO10SiNPSam02_S2_P__GrID039_LOC_RC010006-5.00x5.00-Z Height_Forward-251001-CRO_24cecd9a.tiff,150,24.798683434954437,242.17464291947692,1031.7291828416148,1754.5674010093167,105.64906832298136,179.667701863354,0,0
PEGDA01TPO10SiNPSam02_S2_P__GrID039_LOC_RC010006-5.00x5.00-Z Height_Forward-251001-CRO_24cecd9a.tiff,151,4.222008245644752,41.23054927387454,815.4296874999999,1663.6439732142856,83.49999999999999,170.35714285714283,0,0
PEGDA01TPO10SiNPSam02_S2_P__GrID039_LOC_RC010006-5.00x5.00-Z Height_Forward-251001-CRO_24cecd9a.tiff,152,28.900607975374268,282.2324997595143,4212.557164634146,1792.3792397103657,431.36585365853654,183.53963414634146,0,0
PEGDA01TPO10SiNPSam02_S2_P__GrID039_LOC_RC010006-5.00x5.00-Z Height_Forward-251001-CRO_24cecd9a.tiff,153,8.667244841319219,84.641062903508,2096.8783103813557,1701.2877383474574,214.72033898305082,174.21186440677965,0,0
PEGDA01TPO10SiNPSam02_S2_P__GrID039_LOC_RC010006-5.00x5.00-Z Height_Forward-251001-CRO_24cecd9a.tiff,154,5.527906391541368,53.98346085489617,4986.979166666666,1738.28125,510.66666666666663,178.0,0,0
PEGDA01TPO10SiNPSam02_S2_P__GrID039_LOC_RC010006-5.00x5.00-Z Height_Forward-251001-CRO_24cecd9a.tiff,155,2.5231325220201604,24.63996603535313,4512.6953125,1721.6796875,462.1,176.3,0,0
PEGDA01TPO10SiNPSam02_S2_P__GrID039_LOC_RC010006-5.00x5.00-Z Height_Forward-251001-CRO_24cecd9a.tiff,156,1.1283791670955126,11.019327803667116,4545.898437499999,1713.8671874999998,465.4999999999999,175.49999999999997,0,0
PEGDA01TPO10SiNPSam02_S2_P__GrID039_LOC_RC010006-5.00x5.00-Z Height_Forward-251001-CRO_24cecd9a.tiff,157,3.385137501286538,33.057983411001345,3721.245659722222,1740.993923611111,381.05555555555554,178.27777777777777,0,0
PEGDA01TPO10SiNPSam02_S2_P__GrID039_LOC_RC010006-5.00x5.00-Z Height_Forward-251001-CRO_24cecd9a.tiff,158,8.740387444736633,85.35534614000619,414.38802083333326,1771.9726562499998,42.43333333333332,181.45,0,0
PEGDA01TPO10SiNPSam02_S2_P__GrID039_LOC_RC010006-5.00x5.00-Z Height_Forward-251001-CRO_24cecd9a.tiff,159,27.384997568906428,267.43161688385186,2092.173241192699,1983.7068256578946,214.2385398981324,203.1315789473684,0,0
PEGDA01TPO10SiNPSam02_S2_P__GrID039_LOC_RC010006-5.00x5.00-Z Height_Forward-251001-CRO_24cecd9a.tiff,160,1.5957691216057308,15.583682828180965,546.875,1811.5234374999998,56.0,185.49999999999997,0,0
PEGDA01TPO10SiNPSam02_S2_P__GrID039_LOC_RC010006-5.00x5.00-Z Height_Forward-251001-CRO_24cecd9a.tiff,161,1.1283791670955126,11.019327803667116,4975.5859375,1811.5234374999998,509.5,185.49999999999997,0,0
PEGDA01TPO10SiNPSam02_S2_P__GrID039_LOC_RC010006-5.00x5.00-Z Height_Forward-251001-CRO_24cecd9a.tiff,162,1.1283791670955126,11.019327803667116,434.5703125,1821.2890625,44.5,186.5,0,0
PEGDA01TPO10SiNPSam02_S2_P__GrID039_LOC_RC010006-5.00x5.00-Z Height_Forward-251001-CRO_24cecd9a.tiff,163,36.56366395715726,357.06703083161386,418.0989583333333,2209.709821428571,42.81333333333333,226.27428571428567,1,1
PEGDA01TPO10SiNPSam02_S2_P__GrID039_LOC_RC010006-5.00x5.00-Z Height_Forward-251001-CRO_24cecd9a.tiff,164,3.1915382432114616,31.16736565636193,1988.5253906249998,1839.5996093749998,203.62499999999997,188.37499999999997,0,0
PEGDA01TPO10SiNPSam02_S2_P__GrID039_LOC_RC010006-5.00x5.00-Z Height_Forward-251001-CRO_24cecd9a.tiff,165,2.5231325220201604,24.63996603535313,3944.335937499999,1862.3046874999995,403.8999999999999,190.69999999999996,0,0
PEGDA01TPO10SiNPSam02_S2_P__GrID039_LOC_RC010006-5.00x5.00-Z Height_Forward-251001-CRO_24cecd9a.tiff,166,14.361922094451577,140.2531454536287,336.1304012345679,1948.9655671296296,34.41975308641975,199.57407407407408,0,0
PEGDA01TPO10SiNPSam02_S2_P__GrID039_LOC_RC010006-5.00x5.00-Z Height_Forward-251001-CRO_24cecd9a.tiff,167,1.1283791670955126,11.019327803667116,1401.3671874999998,1870.1171874999998,143.49999999999997,191.49999999999997,0,0
PEGDA01TPO10SiNPSam02_S2_P__GrID039_LOC_RC010006-5.00x5.00-Z Height_Forward-251001-CRO_24cecd9a.tiff,168,3.742410318509555,36.54697576669488,1337.4467329545453,1906.5163352272725,136.95454545454544,195.22727272727272,0,0
PEGDA01TPO10SiNPSam02_S2_P__GrID039_LOC_RC010006-5.00x5.00-Z Height_Forward-251001-CRO_24cecd9a.tiff,169,3.385137501286538,33.057983411001345,2495.1171875,1896.1588541666665,255.5,194.16666666666666,0,0
PEGDA01TPO10SiNPSam02_S2_P__GrID039_LOC_RC010006-5.00x5.00-Z Height_Forward-251001-CRO_24cecd9a.tiff,170,5.527906391541368,53.98346085489617,4530.843098958332,1907.9589843749998,463.9583333333332,195.37499999999997,0,0
PEGDA01TPO10SiNPSam02_S2_P__GrID039_LOC_RC010006-5.00x5.00-Z Height_Forward-251001-CRO_24cecd9a.tiff,171,1.9544100476116797,19.08603562120781,1297.2005208333333,1896.1588541666665,132.83333333333331,194.16666666666666,0,0
PEGDA01TPO10SiNPSam02_S2_P__GrID039_LOC_RC010006-5.00x5.00-Z Height_Forward-251001-CRO_24cecd9a.tiff,172,1.1283791670955126,11.019327803667116,1372.0703124999998,1889.6484374999998,140.49999999999997,193.49999999999997,0,0
PEGDA01TPO10SiNPSam02_S2_P__GrID039_LOC_RC010006-5.00x5.00-Z Height_Forward-251001-CRO_24cecd9a.tiff,173,15.837556323903858,154.6636359756236,148.59117227157358,2036.9259597081218,15.215736040609135,208.58121827411168,0,0
PEGDA01TPO10SiNPSam02_S2_P__GrID039_LOC_RC010006-5.00x5.00-Z Height_Forward-251001-CRO_24cecd9a.tiff,174,5.753627391751592,56.18776749757414,2570.237379807692,1923.828125,263.1923076923077,197.0,0,0
PEGDA01TPO10SiNPSam02_S2_P__GrID039_LOC_RC010006-5.00x5.00-Z Height_Forward-251001-CRO_24cecd9a.tiff,175,45.050458758017655,439.94588630876615,3748.211064930991,2287.7967671737765,383.8168130489335,234.2703889585947,1,0
PEGDA01TPO10SiNPSam02_S2_P__GrID039_LOC_RC010006-5.00x5.00-Z Height_Forward-251001-CRO_24cecd9a.tiff,176,22.623931952327283,220.93683547194613,1020.8479088930349,2059.9881452114428,104.53482587064677,210.94278606965173,0,0
PEGDA01TPO10SiNPSam02_S2_P__GrID039_LOC_RC010006-5.00x5.00-Z Height_Forward-251001-CRO_24cecd9a.tiff,177,5.863230142835039,57.258106863623425,11.393229166666664,1980.7942708333335,1.1666666666666665,202.83333333333334,0,0
PEGDA01TPO10SiNPSam02_S2_P__GrID039_LOC_RC010006-5.00x5.00-Z Height_Forward-251001-CRO_24cecd9a.tiff,178,13.351162356249091,130.38244488524504,2994.559151785714,1989.2578124999998,306.6428571428571,203.7,0,0
PEGDA01TPO10SiNPSam02_S2_P__GrID039_LOC_RC010006-5.00x5.00-Z Height_Forward-251001-CRO_24cecd9a.tiff,179,9.772050238058398,95.43017810603904,4656.966145833333,1984.5703124999995,476.8733333333333,203.21999999999994,0,0
PEGDA01TPO10SiNPSam02_S2_P__GrID039_LOC_RC010006-5.00x5.00-Z Height_Forward-251001-CRO_24cecd9a.tiff,180,22.283703068536735,217.61428777867906,1531.6756810897434,2121.519431089743,156.84358974358972,217.2435897435897,0,0
PEGDA01TPO10SiNPSam02_S2_P__GrID039_LOC_RC010006-5.00x5.00-Z Height_Forward-251001-CRO_24cecd9a.tiff,181,4.222008245644752,41.23054927387454,4225.027901785714,1954.520089285714,432.6428571428571,200.1428571428571,0,0
PEGDA01TPO10SiNPSam02_S2_P__GrID039_LOC_RC010006-5.00x5.00-Z Height_Forward-251001-CRO_24cecd9a.tiff,182,4.918490759365935,48.03213632193296,2432.9255756578946,1968.8013980263156,249.1315789473684,201.6052631578947,0,0
PEGDA01TPO10SiNPSam02_S2_P__GrID039_LOC_RC010006-5.00x5.00-Z Height_Forward-251001-CRO_24cecd9a.tiff,183,1.5957691216057308,15.583682828180965,2871.09375,1967.7734374999998,294.0,201.49999999999997,0,0
PEGDA01TPO10SiNPSam02_S2_P__GrID039_LOC_RC010006-5.00x5.00-Z Height_Forward-251001-CRO_24cecd9a.tiff,184,22.623931952327283,220.93683547194613,3316.01270988806,2203.654578669154,339.55970149253733,225.65422885572139,0,0
PEGDA01TPO10SiNPSam02_S2_P__GrID039_LOC_RC010006-5.00x5.00-Z Height_Forward-251001-CRO_24cecd9a.tiff,185,2.763953195770684,26.991730427448086,4882.812499999999,1977.5390625,499.9999999999999,202.5,0,0
PEGDA01TPO10SiNPSam02_S2_P__GrID039_LOC_RC010006-5.00x5.00-Z Height_Forward-251001-CRO_24cecd9a.tiff,186,1.1283791670955126,11.019327803667116,2905.2734375,1977.5390625,297.5,202.5,0,0
PEGDA01TPO10SiNPSam02_S2_P__GrID039_LOC_RC010006-5.00x5.00-Z Height_Forward-251001-CRO_24cecd9a.tiff,187,1.1283791670955126,11.019327803667116,3256.8359375,1977.5390625,333.5,202.5,0,0
PEGDA01TPO10SiNPSam02_S2_P__GrID039_LOC_RC010006-5.00x5.00-Z Height_Forward-251001-CRO_24cecd9a.tiff,188,32.56698544176895,318.0369672047749,4282.402414090636,2160.073013580432,438.5180072028811,221.19147659063623,0,0
PEGDA01TPO10SiNPSam02_S2_P__GrID039_LOC_RC010006-5.00x5.00-Z Height_Forward-251001-CRO_24cecd9a.tiff,189,1.1283791670955126,11.019327803667116,2905.2734375,1997.0703125,297.5,204.5,0,0
PEGDA01TPO10SiNPSam02_S2_P__GrID039_LOC_RC010006-5.00x5.00-Z Height_Forward-251001-CRO_24cecd9a.tiff,190,1.1283791670955126,11.019327803667116,4799.804687499999,2006.8359375,491.4999999999999,205.5,0,0
PEGDA01TPO10SiNPSam02_S2_P__GrID039_LOC_RC010006-5.00x5.00-Z Height_Forward-251001-CRO_24cecd9a.tiff,191,1.1283791670955126,11.019327803667116,1372.0703124999998,2016.6015625,140.49999999999997,206.5,0,0
PEGDA01TPO10SiNPSam02_S2_P__GrID039_LOC_RC010006-5.00x5.00-Z Height_Forward-251001-CRO_24cecd9a.tiff,192,11.283791670955125,110.19327803667115,4554.19921875,2088.28125,466.35,213.84,0,0
PEGDA01TPO10SiNPSam02_S2_P__GrID039_LOC_RC010006-5.00x5.00-Z Height_Forward-251001-CRO_24cecd9a.tiff,193,1.1283791670955126,11.019327803667116,83.00781249999999,2026.3671875,8.499999999999998,207.5,0,0
PEGDA01TPO10SiNPSam02_S2_P__GrID039_LOC_RC010006-5.00x5.00-Z Height_Forward-251001-CRO_24cecd9a.tiff,194,1.1283791670955126,11.019327803667116,2944.3359375,2036.1328124999995,301.5,208.49999999999994,0,0
PEGDA01TPO10SiNPSam02_S2_P__GrID039_LOC_RC010006-5.00x5.00-Z Height_Forward-251001-CRO_24cecd9a.tiff,195,1.5957691216057308,15.583682828180965,1855.4687499999998,2045.8984374999995,189.99999999999997,209.49999999999994,0,0
PEGDA01TPO10SiNPSam02_S2_P__GrID039_LOC_RC010006-5.00x5.00-Z Height_Forward-251001-CRO_24cecd9a.tiff,196,1.1283791670955126,11.019327803667116,2963.8671875,2045.8984374999995,303.5,209.49999999999994,0,0
PEGDA01TPO10SiNPSam02_S2_P__GrID039_LOC_RC010006-5.00x5.00-Z Height_Forward-251001-CRO_24cecd9a.tiff,197,1.5957691216057308,15.583682828180965,4111.328124999999,2045.8984374999995,420.9999999999999,209.49999999999994,0,0
PEGDA01TPO10SiNPSam02_S2_P__GrID039_LOC_RC010006-5.00x5.00-Z Height_Forward-251001-CRO_24cecd9a.tiff,198,5.046265044040321,49.27993207070626,3660.64453125,2098.6328125,374.85,214.9,0,0
PEGDA01TPO10SiNPSam02_S2_P__GrID039_LOC_RC010006-5.00x5.00-Z Height_Forward-251001-CRO_24cecd9a.tiff,199,42.15972490956609,411.7160635699813,2439.398560619627,2345.9045934813753,249.7944126074498,240.22063037249282,1,0
PEGDA01TPO10SiNPSam02_S2_P__GrID039_LOC_RC010006-5.00x5.00-Z Height_Forward-251001-CRO_24cecd9a.tiff,200,4.068428945128219,39.73075141726777,1202.2986778846152,2127.0282451923076,123.1153846153846,217.8076923076923,0,0
PEGDA01TPO10SiNPSam02_S2_P__GrID039_LOC_RC010006-5.00x5.00-Z Height_Forward-251001-CRO_24cecd9a.tiff,201,1.1283791670955126,11.019327803667116,1127.9296875,2114.2578125,115.5,216.5,0,0
PEGDA01TPO10SiNPSam02_S2_P__GrID039_LOC_RC010006-5.00x5.00-Z Height_Forward-251001-CRO_24cecd9a.tiff,202,1.5957691216057308,15.583682828180965,1162.1093749999998,2114.2578125,118.99999999999997,216.5,0,0
PEGDA01TPO10SiNPSam02_S2_P__GrID039_LOC_RC010006-5.00x5.00-Z Height_Forward-251001-CRO_24cecd9a.tiff,203,8.51907589177983,83.19410050566239,1880.7394462719299,2198.7219024122805,192.58771929824562,225.14912280701753,0,0
PEGDA01TPO10SiNPSam02_S2_P__GrID039_LOC_RC010006-5.00x5.00-Z Height_Forward-251001-CRO_24cecd9a.tiff,204,10.998079684646791,107.40312192037882,27.909128289473678,2235.1459703947367,2.8578947368421046,228.87894736842102,0,0
PEGDA01TPO10SiNPSam02_S2_P__GrID039_LOC_RC010006-5.00x5.00-Z Height_Forward-251001-CRO_24cecd9a.tiff,205,34.943335894001606,341.24351458985944,2967.645130018248,2391.035380278936,303.8868613138686,244.84202294056303,0,0
PEGDA01TPO10SiNPSam02_S2_P__GrID039_LOC_RC010006-5.00x5.00-Z Height_Forward-251001-CRO_24cecd9a.tiff,206,16.925687506432688,165.28991705500673,646.5494791666665,2255.447048611111,66.20666666666665,230.95777777777775,0,0
PEGDA01TPO10SiNPSam02_S2_P__GrID039_LOC_RC010006-5.00x5.00-Z Height_Forward-251001-CRO_24cecd9a.tiff,207,4.787307364817192,46.751048484542885,1144.748263888889,2196.1805555555557,117.22222222222223,224.88888888888889,0,0
PEGDA01TPO10SiNPSam02_S2_P__GrID039_LOC_RC010006-5.00x5.00-Z Height_Forward-251001-CRO_24cecd9a.tiff,208,1.5957691216057308,15.583682828180965,2519.53125,2163.0859375,258.0,221.5,0,0
PEGDA01TPO10SiNPSam02_S2_P__GrID039_LOC_RC010006-5.00x5.00-Z Height_Forward-251001-CRO_24cecd9a.tiff,209,6.955796338302048,67.92769861623094,4631.733141447368,2201.634457236842,474.2894736842105,225.44736842105263,0,0
PEGDA01TPO10SiNPSam02_S2_P__GrID039_LOC_RC010006-5.00x5.00-Z Height_Forward-251001-CRO_24cecd9a.tiff,210,2.256758334191025,22.03865560733423,1201.171875,2187.5,123.0,224.0,0,0
PEGDA01TPO10SiNPSam02_S2_P__GrID039_LOC_RC010006-5.00x5.00-Z Height_Forward-251001-CRO_24cecd9a.tiff,211,1.1283791670955126,11.019327803667116,4106.4453125,2192.3828124999995,420.5,224.49999999999994,0,0
PEGDA01TPO10SiNPSam02_S2_P__GrID039_LOC_RC010006-5.00x5.00-Z Height_Forward-251001-CRO_24cecd9a.tiff,212,3.9088200952233594,38.17207124241562,1239.4205729166667,2224.934895833333,126.91666666666667,227.83333333333331,0,0
PEGDA01TPO10SiNPSam02_S2_P__GrID039_LOC_RC010006-5.00x5.00-Z Height_Forward-251001-CRO_24cecd9a.tiff,213,1.1283791670955126,11.019327803667116,4584.960937499999,2211.9140624999995,469.4999999999999,226.49999999999994,0,0
PEGDA01TPO10SiNPSam02_S2_P__GrID039_LOC_RC010006-5.00x5.00-Z Height_Forward-251001-CRO_24cecd9a.tiff,214,22.820056393372074,222.85211321652415,894.8679133557456,2452.115009932763,91.63447432762835,251.09657701711492,0,0
PEGDA01TPO10SiNPSam02_S2_P__GrID039_LOC_RC010006-5.00x5.00-Z Height_Forward-251001-CRO_24cecd9a.tiff,215,1.1283791670955126,11.019327803667116,4497.0703125,2221.6796874999995,460.5,227.49999999999994,0,0
PEGDA01TPO10SiNPSam02_S2_P__GrID039_LOC_RC010006-5.00x5.00-Z Height_Forward-251001-CRO_24cecd9a.tiff,216,3.5682482323055424,34.84617414360881,1184.5703125,2239.2578125,121.3,229.3,0,0
PEGDA01TPO10SiNPSam02_S2_P__GrID039_LOC_RC010006-5.00x5.00-Z Height_Forward-251001-CRO_24cecd9a.tiff,217,1.5957691216057308,15.583682828180965,4472.65625,2231.4453124999995,458.0,228.49999999999994,0,0
PEGDA01TPO10SiNPSam02_S2_P__GrID039_LOC_RC010006-5.00x5.00-Z Height_Forward-251001-CRO_24cecd9a.tiff,218,1.5957691216057308,15.583682828180965,4506.835937499999,2236.328125,461.4999999999999,229.0,0,0
PEGDA01TPO10SiNPSam02_S2_P__GrID039_LOC_RC010006-5.00x5.00-Z Height_Forward-251001-CRO_24cecd9a.tiff,219,16.85029431422316,164.55365541233553,1943.7316073430493,2406.482097813901,199.03811659192826,246.42376681614346,0,0
PEGDA01TPO10SiNPSam02_S2_P__GrID039_LOC_RC010006-5.00x5.00-Z Height_Forward-251001-CRO_24cecd9a.tiff,220,3.742410318509555,36.54697576669488,3981.267755681818,2248.3132102272725,407.6818181818182,230.22727272727272,0,0
PEGDA01TPO10SiNPSam02_S2_P__GrID039_LOC_RC010006-5.00x5.00-Z Height_Forward-251001-CRO_24cecd9a.tiff,221,1.9544100476116797,19.08603562120781,4995.1171875,2260.7421875,511.5,231.5,0,0
PEGDA01TPO10SiNPSam02_S2_P__GrID039_LOC_RC010006-5.00x5.00-Z Height_Forward-251001-CRO_24cecd9a.tiff,222,9.304852983362556,90.86770491564997,4860.4090073529405,2352.366727941176,497.7058823529411,240.88235294117644,0,0
PEGDA01TPO10SiNPSam02_S2_P__GrID039_LOC_RC010006-5.00x5.00-Z Height_Forward-251001-CRO_24cecd9a.tiff,223,16.07692842495848,157.00125414998516,1715.7914485837439,2413.480411022167,175.69704433497537,247.14039408866992,0,0
PEGDA01TPO10SiNPSam02_S2_P__GrID039_LOC_RC010006-5.00x5.00-Z Height_Forward-251001-CRO_24cecd9a.tiff,224,3.385137501286538,33.057983411001345,511.6102430555555,2313.910590277778,52.38888888888888,236.94444444444446,0,0
PEGDA01TPO10SiNPSam02_S2_P__GrID039_LOC_RC010006-5.00x5.00-Z Height_Forward-251001-CRO_24cecd9a.tiff,225,1.1283791670955126,11.019327803667116,541.9921874999999,2299.8046875,55.499999999999986,235.5,0,0
PEGDA01TPO10SiNPSam02_S2_P__GrID039_LOC_RC010006-5.00x5.00-Z Height_Forward-251001-CRO_24cecd9a.tiff,226,1.5957691216057308,15.583682828180965,4541.015625,2309.5703125,465.0,236.5,0,0
PEGDA01TPO10SiNPSam02_S2_P__GrID039_LOC_RC010006-5.00x5.00-Z Height_Forward-251001-CRO_24cecd9a.tiff,227,4.068428945128219,39.73075141726777,3479.942908653846,2329.8527644230767,356.34615384615387,238.57692307692307,0,0
PEGDA01TPO10SiNPSam02_S2_P__GrID039_LOC_RC010006-5.00x5.00-Z Height_Forward-251001-CRO_24cecd9a.tiff,228,6.579524642479541,64.25317033671426,4968.692555147059,2350.0689338235293,508.7941176470588,240.6470588235294,0,0
PEGDA01TPO10SiNPSam02_S2_P__GrID039_LOC_RC010006-5.00x5.00-Z Height_Forward-251001-CRO_24cecd9a.tiff,229,6.863662517577698,67.0279542732197,1232.1843327702702,2383.7362753378375,126.17567567567566,244.09459459459455,0,0
PEGDA01TPO10SiNPSam02_S2_P__GrID039_LOC_RC010006-5.00x5.00-Z Height_Forward-251001-CRO_24cecd9a.tiff,230,6.579524642479541,64.25317033671426,1509.9379595588234,2405.2159926470586,154.6176470588235,246.29411764705878,0,0
PEGDA01TPO10SiNPSam02_S2_P__GrID039_LOC_RC010006-5.00x5.00-Z Height_Forward-251001-CRO_24cecd9a.tiff,231,1.1283791670955126,11.019327803667116,4916.9921875,2348.6328124999995,503.5,240.49999999999994,0,0
PEGDA01TPO10SiNPSam02_S2_P__GrID039_LOC_RC010006-5.00x5.00-Z Height_Forward-251001-CRO_24cecd9a.tiff,232,6.863662517577698,67.0279542732197,713.0225929054054,2385.3198902027025,73.01351351351352,244.25675675675674,0,0
PEGDA01TPO10SiNPSam02_S2_P__GrID039_LOC_RC010006-5.00x5.00-Z Height_Forward-251001-CRO_24cecd9a.tiff,233,6.282549314314218,61.353020647599784,598.6958165322579,2418.252268145161,61.30645161290321,247.62903225806448,0,0
PEGDA01TPO10SiNPSam02_S2_P__GrID039_LOC_RC010006-5.00x5.00-Z Height_Forward-251001-CRO_24cecd9a.tiff,234,1.5957691216057308,15.583682828180965,1660.15625,2387.6953124999995,170.0,244.49999999999994,0,0
PEGDA01TPO10SiNPSam02_S2_P__GrID039_LOC_RC010006-5.00x5.00-Z Height_Forward-251001-CRO_24cecd9a.tiff,235,40.14873925336531,392.0775317711456,4402.245013823064,2739.527794233807,450.78988941548175,280.52764612954184,1,0
PEGDA01TPO10SiNPSam02_S2_P__GrID039_LOC_RC010006-5.00x5.00-Z Height_Forward-251001-CRO_24cecd9a.tiff,236,1.1283791670955126,11.019327803667116,639.6484375,2407.2265624999995,65.5,246.49999999999994,0,0
PEGDA01TPO10SiNPSam02_S2_P__GrID039_LOC_RC010006-5.00x5.00-Z Height_Forward-251001-CRO_24cecd9a.tiff,237,5.863230142835039,57.258106863623425,1590.8926504629628,2449.5442708333335,162.9074074074074,250.83333333333334,0,0
PEGDA01TPO10SiNPSam02_S2_P__GrID039_LOC_RC010006-5.00x5.00-Z Height_Forward-251001-CRO_24cecd9a.tiff,238,9.440697438826296,92.19431092603806,34.458705357142854,2492.4665178571427,3.5285714285714285,255.2285714285714,0,0
PEGDA01TPO10SiNPSam02_S2_P__GrID039_LOC_RC010006-5.00x5.00-Z Height_Forward-251001-CRO_24cecd9a.tiff,239,83.33979671519671,813.8652022968429,413.5424424266728,3449.661828311182,42.346746104491295,353.245371219065,0,0
PEGDA01TPO10SiNPSam02_S2_P__GrID039_LOC_RC010006-5.00x5.00-Z Height_Forward-251001-CRO_24cecd9a.tiff,240,12.205286835384658,119.1922542518033,1119.8334001068374,2529.8394097222217,114.67094017094016,259.0555555555555,0,0
PEGDA01TPO10SiNPSam02_S2_P__GrID039_LOC_RC010006-5.00x5.00-Z Height_Forward-251001-CRO_24cecd9a.tiff,241,9.304852983362556,90.86770491564997,2720.3010110294117,2489.372702205882,278.55882352941177,254.91176470588232,0,0
PEGDA01TPO10SiNPSam02_S2_P__GrID039_LOC_RC010006-5.00x5.00-Z Height_Forward-251001-CRO_24cecd9a.tiff,242,11.283791670955125,110.19327803667115,2106.6406249999995,2520.01953125,215.71999999999994,258.05,0,0
PEGDA01TPO10SiNPSam02_S2_P__GrID039_LOC_RC010006-5.00x5.00-Z Height_Forward-251001-CRO_24cecd9a.tiff,243,1.1283791670955126,11.019327803667116,4575.1953125,2456.0546875,468.5,251.5,0,0
PEGDA01TPO10SiNPSam02_S2_P__GrID039_LOC_RC010006-5.00x5.00-Z Height_Forward-251001-CRO_24cecd9a.tiff,244,40.887204871906675,399.28911007721365,1307.6156999714392,2756.72883544364,133.89984767707537,282.2890327494287,1,0
PEGDA01TPO10SiNPSam02_S2_P__GrID039_LOC_RC010006-5.00x5.00-Z Height_Forward-251001-CRO_24cecd9a.tiff,245,1.1283791670955126,11.019327803667116,4584.960937499999,2465.8203125,469.4999999999999,252.5,0,0
PEGDA01TPO10SiNPSam02_S2_P__GrID039_LOC_RC010006-5.00x5.00-Z Height_Forward-251001-CRO_24cecd9a.tiff,246,7.898654169668588,77.1352946256698,3515.525350765306,2538.763552295918,359.98979591836735,259.969387755102,0,0
PEGDA01TPO10SiNPSam02_S2_P__GrID039_LOC_RC010006-5.00x5.00-Z Height_Forward-251001-CRO_24cecd9a.tiff,247,11.994835078277376,117.1370613113025,4940.844510508849,2536.3402240044243,505.9424778761062,259.72123893805303,0,0
PEGDA01TPO10SiNPSam02_S2_P__GrID039_LOC_RC010006-5.00x5.00-Z Height_Forward-251001-CRO_24cecd9a.tiff,248,10.585134856802455,103.37045758596147,1530.5397727272725,2558.0388849431815,156.72727272727272,261.9431818181818,0,0
PEGDA01TPO10SiNPSam02_S2_P__GrID039_LOC_RC010006-5.00x5.00-Z Height_Forward-251001-CRO_24cecd9a.tiff,249,20.342144725641095,198.65375708633883,4044.696514423076,2588.6268028846152,414.176923076923,265.0753846153846,0,0
PEGDA01TPO10SiNPSam02_S2_P__GrID039_LOC_RC010006-5.00x5.00-Z Height_Forward-251001-CRO_24cecd9a.tiff,250,1.5957691216057308,15.583682828180965,1777.3437499999998,2504.8828124999995,181.99999999999997,256.49999999999994,0,0
PEGDA01TPO10SiNPSam02_S2_P__GrID039_LOC_RC010006-5.00x5.00-Z Height_Forward-251001-CRO_24cecd9a.tiff,251,34.595450164018,337.84619300798823,4734.281499335106,2797.581449468085,484.7904255319148,286.4723404255319,0,0
PEGDA01TPO10SiNPSam02_S2_P__GrID039_LOC_RC010006-5.00x5.00-Z Height_Forward-251001-CRO_24cecd9a.tiff,252,10.280023453913834,100.39085404212729,1823.7598832831325,2596.0678652108427,186.75301204819277,265.8373493975903,0,0
PEGDA01TPO10SiNPSam02_S2_P__GrID039_LOC_RC010006-5.00x5.00-Z Height_Forward-251001-CRO_24cecd9a.tiff,253,39.36410199588825,384.41505855359617,3434.679443559983,2898.6533548171733,351.71117502054227,296.82210353327855,1,0
PEGDA01TPO10SiNPSam02_S2_P__GrID039_LOC_RC010006-5.00x5.00-Z Height_Forward-251001-CRO_24cecd9a.tiff,254,1.1283791670955126,11.019327803667116,493.16406249999994,2543.9453124999995,50.49999999999999,260.49999999999994,0,0
PEGDA01TPO10SiNPSam02_S2_P__GrID039_LOC_RC010006-5.00x5.00-Z Height_Forward-251001-CRO_24cecd9a.tiff,255,1.1283791670955126,11.019327803667116,34.1796875,2553.7109374999995,3.5,261.49999999999994,0,0
PEGDA01TPO10SiNPSam02_S2_P__GrID039_LOC_RC010006-5.00x5.00-Z Height_Forward-251001-CRO_24cecd9a.tiff,256,2.256758334191025,22.03865560733423,312.5,2568.359375,32.0,263.0,0,0
PEGDA01TPO10SiNPSam02_S2_P__GrID039_LOC_RC010006-5.00x5.00-Z Height_Forward-251001-CRO_24cecd9a.tiff,257,2.256758334191025,22.03865560733423,380.85937499999994,2568.359375,38.99999999999999,263.0,0,0
PEGDA01TPO10SiNPSam02_S2_P__GrID039_LOC_RC010006-5.00x5.00-Z Height_Forward-251001-CRO_24cecd9a.tiff,258,1.5957691216057308,15.583682828180965,488.28125,2563.4765624999995,50.0,262.49999999999994,0,0
PEGDA01TPO10SiNPSam02_S2_P__GrID039_LOC_RC010006-5.00x5.00-Z Height_Forward-251001-CRO_24cecd9a.tiff,259,1.5957691216057308,15.583682828180965,1933.59375,2563.4765624999995,198.0,262.49999999999994,0,0
PEGDA01TPO10SiNPSam02_S2_P__GrID039_LOC_RC010006-5.00x5.00-Z Height_Forward-251001-CRO_24cecd9a.tiff,260,2.256758334191025,22.03865560733423,2822.265625,2573.2421874999995,289.0,263.49999999999994,0,0
PEGDA01TPO10SiNPSam02_S2_P__GrID039_LOC_RC010006-5.00x5.00-Z Height_Forward-251001-CRO_24cecd9a.tiff,261,8.368283871884005,81.72152218636724,20.685369318181817,2657.049005681818,2.118181818181818,272.08181818181816,0,0
PEGDA01TPO10SiNPSam02_S2_P__GrID039_LOC_RC010006-5.00x5.00-Z Height_Forward-251001-CRO_24cecd9a.tiff,262,7.399277020331919,72.2585646516789,327.37554505813955,2626.6124636627906,33.52325581395349,268.9651162790698,0,0
PEGDA01TPO10SiNPSam02_S2_P__GrID039_LOC_RC010006-5.00x5.00-Z Height_Forward-251001-CRO_24cecd9a.tiff,263,3.5682482323055424,34.84617414360881,392.578125,2598.6328125,40.2,266.1,0,0
PEGDA01TPO10SiNPSam02_S2_P__GrID039_LOC_RC010006-5.00x5.00-Z Height_Forward-251001-CRO_24cecd9a.tiff,264,7.898654169668588,77.1352946256698,2180.8235012755104,2641.8008609693875,223.31632653061226,270.5204081632653,0,0
PEGDA01TPO10SiNPSam02_S2_P__GrID039_LOC_RC010006-5.00x5.00-Z Height_Forward-251001-CRO_24cecd9a.tiff,265,13.303394180365686,129.91595879263366,3127.2130732913665,2726.4009105215823,320.22661870503595,279.18345323741005,0,0
PEGDA01TPO10SiNPSam02_S2_P__GrID039_LOC_RC010006-5.00x5.00-Z Height_Forward-251001-CRO_24cecd9a.tiff,266,1.1283791670955126,11.019327803667116,3686.5234374999995,2602.5390625,377.49999999999994,266.5,0,0
PEGDA01TPO10SiNPSam02_S2_P__GrID039_LOC_RC010006-5.00x5.00-Z Height_Forward-251001-CRO_24cecd9a.tiff,267,1.5957691216057308,15.583682828180965,2089.84375,2612.3046875,214.0,267.5,0,0
PEGDA01TPO10SiNPSam02_S2_P__GrID039_LOC_RC010006-5.00x5.00-Z Height_Forward-251001-CRO_24cecd9a.tiff,268,1.5957691216057308,15.583682828180965,2680.6640624999995,2626.9531249999995,274.49999999999994,268.99999999999994,0,0
PEGDA01TPO10SiNPSam02_S2_P__GrID039_LOC_RC010006-5.00x5.00-Z Height_Forward-251001-CRO_24cecd9a.tiff,269,1.1283791670955126,11.019327803667116,473.6328125,2631.8359375,48.5,269.5,0,0
PEGDA01TPO10SiNPSam02_S2_P__GrID039_LOC_RC010006-5.00x5.00-Z Height_Forward-251001-CRO_24cecd9a.tiff,270,2.256758334191025,22.03865560733423,888.6718749999999,2651.3671875,90.99999999999999,271.5,0,0
PEGDA01TPO10SiNPSam02_S2_P__GrID039_LOC_RC010006-5.00x5.00-Z Height_Forward-251001-CRO_24cecd9a.tiff,271,3.385137501286538,33.057983411001345,2903.103298611111,2663.3029513888887,297.27777777777777,272.72222222222223,0,0
PEGDA01TPO10SiNPSam02_S2_P__GrID039_LOC_RC010006-5.00x5.00-Z Height_Forward-251001-CRO_24cecd9a.tiff,272,40.13287958881073,391.9226522344798,1957.8456954051385,3109.085505187747,200.48339920948618,318.3703557312253,1,0
PEGDA01TPO10SiNPSam02_S2_P__GrID039_LOC_RC010006-5.00x5.00-Z Height_Forward-251001-CRO_24cecd9a.tiff,273,1.1283791670955126,11.019327803667116,2075.1953124999995,2651.3671875,212.49999999999994,271.5,0,0
PEGDA01TPO10SiNPSam02_S2_P__GrID039_LOC_RC010006-5.00x5.00-Z Height_Forward-251001-CRO_24cecd9a.tiff,274,6.6755811781245455,65.19122244262252,2404.715401785714,2690.4296874999995,246.24285714285713,275.49999999999994,0,0
PEGDA01TPO10SiNPSam02_S2_P__GrID039_LOC_RC010006-5.00x5.00-Z Height_Forward-251001-CRO_24cecd9a.tiff,275,12.716187407449045,124.18151765086958,1701.5640378937007,2752.7143823818897,174.24015748031496,281.8779527559055,0,0
PEGDA01TPO10SiNPSam02_S2_P__GrID039_LOC_RC010006-5.00x5.00-Z Height_Forward-251001-CRO_24cecd9a.tiff,276,25.879026267050612,252.72486588916613,3866.0178528992387,2840.4601354562733,395.88022813688207,290.86311787072236,0,0
PEGDA01TPO10SiNPSam02_S2_P__GrID039_LOC_RC010006-5.00x5.00-Z Height_Forward-251001-CRO_24cecd9a.tiff,277,2.5231325220201604,24.63996603535313,98.63281249999999,2696.2890625,10.099999999999998,276.1,0,0
PEGDA01TPO10SiNPSam02_S2_P__GrID039_LOC_RC010006-5.00x5.00-Z Height_Forward-251001-CRO_24cecd9a.tiff,278,5.292567428401227,51.68522879298074,854.4921874999999,2742.808948863636,87.49999999999999,280.8636363636363,0,0
PEGDA01TPO10SiNPSam02_S2_P__GrID039_LOC_RC010006-5.00x5.00-Z Height_Forward-251001-CRO_24cecd9a.tiff,279,7.978845608028654,77.91841414090483,2953.1249999999995,2766.9921874999995,302.4,283.34,0,0
PEGDA01TPO10SiNPSam02_S2_P__GrID039_LOC_RC010006-5.00x5.00-Z Height_Forward-251001-CRO_24cecd9a.tiff,280,90.07265056082483,879.615728133055,1248.6635867859384,3524.2565128688007,127.8631512868801,360.8838669177652,0,0
PEGDA01TPO10SiNPSam02_S2_P__GrID039_LOC_RC010006-5.00x5.00-Z Height_Forward-251001-CRO_24cecd9a.tiff,281,2.763953195770684,26.991730427448086,2278.645833333333,2742.513020833333,233.33333333333331,280.8333333333333,0,0
PEGDA01TPO10SiNPSam02_S2_P__GrID039_LOC_RC010006-5.00x5.00-Z Height_Forward-251001-CRO_24cecd9a.tiff,282,1.1283791670955126,11.019327803667116,4995.1171875,2729.4921874999995,511.5,279.49999999999994,0,0
PEGDA01TPO10SiNPSam02_S2_P__GrID039_LOC_RC010006-5.00x5.00-Z Height_Forward-251001-CRO_24cecd9a.tiff,283,1.5957691216057308,15.583682828180965,2314.4531249999995,2758.7890625,236.99999999999994,282.5,0,0
PEGDA01TPO10SiNPSam02_S2_P__GrID039_LOC_RC010006-5.00x5.00-Z Height_Forward-251001-CRO_24cecd9a.tiff,284,2.256758334191025,22.03865560733423,2382.8125,2763.6718749999995,244.0,282.99999999999994,0,0
PEGDA01TPO10SiNPSam02_S2_P__GrID039_LOC_RC010006-5.00x5.00-Z Height_Forward-251001-CRO_24cecd9a.tiff,285,2.763953195770684,26.991730427448086,4991.861979166666,2773.4374999999995,511.16666666666663,283.99999999999994,0,0
PEGDA01TPO10SiNPSam02_S2_P__GrID039_LOC_RC010006-5.00x5.00-Z Height_Forward-251001-CRO_24cecd9a.tiff,286,2.5231325220201604,24.63996603535313,1541.9921875,2776.3671875,157.9,284.3,0,0
PEGDA01TPO10SiNPSam02_S2_P__GrID039_LOC_RC010006-5.00x5.00-Z Height_Forward-251001-CRO_24cecd9a.tiff,287,8.51907589177983,83.19410050566239,2811.043722587719,2829.204358552631,287.8508771929824,289.7105263157894,0,0
PEGDA01TPO10SiNPSam02_S2_P__GrID039_LOC_RC010006-5.00x5.00-Z Height_Forward-251001-CRO_24cecd9a.tiff,288,5.170882945826411,50.496903767836045,2397.9259672619046,2823.8932291666665,245.54761904761904,289.16666666666663,0,0
PEGDA01TPO10SiNPSam02_S2_P__GrID039_LOC_RC010006-5.00x5.00-Z Height_Forward-251001-CRO_24cecd9a.tiff,289,1.5957691216057308,15.583682828180965,3007.8125,2817.3828124999995,308.0,288.49999999999994,0,0
PEGDA01TPO10SiNPSam02_S2_P__GrID039_LOC_RC010006-5.00x5.00-Z Height_Forward-251001-CRO_24cecd9a.tiff,290,2.256758334191025,22.03865560733423,1640.6249999999998,2832.03125,167.99999999999997,290.0,0,0
PEGDA01TPO10SiNPSam02_S2_P__GrID039_LOC_RC010006-5.00x5.00-Z Height_Forward-251001-CRO_24cecd9a.tiff,291,29.185565874723483,285.01529174534653,2220.526497103886,3027.3072566330343,227.38191330343793,309.99626307922273,0,0
PEGDA01TPO10SiNPSam02_S2_P__GrID039_LOC_RC010006-5.00x5.00-Z Height_Forward-251001-CRO_24cecd9a.tiff,292,12.412170838050638,121.21260584033827,2616.0979467975203,2912.1335872933882,267.8884297520661,298.202479338843,0,0
PEGDA01TPO10SiNPSam02_S2_P__GrID039_LOC_RC010006-5.00x5.00-Z Height_Forward-251001-CRO_24cecd9a.tiff,293,1.5957691216057308,15.583682828180965,3007.8125,2836.9140624999995,308.0,290.49999999999994,0,0
PEGDA01TPO10SiNPSam02_S2_P__GrID039_LOC_RC010006-5.00x5.00-Z Height_Forward-251001-CRO_24cecd9a.tiff,294,2.256758334191025,22.03865560733423,1665.0390625,2851.5625,170.5,292.0,0,0
PEGDA01TPO10SiNPSam02_S2_P__GrID039_LOC_RC010006-5.00x5.00-Z Height_Forward-251001-CRO_24cecd9a.tiff,295,6.383076486422923,62.33473131272386,1756.28662109375,2893.98193359375,179.84375,296.34375,0,0
PEGDA01TPO10SiNPSam02_S2_P__GrID039_LOC_RC010006-5.00x5.00-Z Height_Forward-251001-CRO_24cecd9a.tiff,296,1.1283791670955126,11.019327803667116,2973.6328124999995,2846.6796874999995,304.49999999999994,291.49999999999994,0,0
PEGDA01TPO10SiNPSam02_S2_P__GrID039_LOC_RC010006-5.00x5.00-Z Height_Forward-251001-CRO_24cecd9a.tiff,297,4.787307364817192,46.751048484542885,4987.521701388889,2883.0295138888887,510.72222222222223,295.22222222222223,0,0
PEGDA01TPO10SiNPSam02_S2_P__GrID039_LOC_RC010006-5.00x5.00-Z Height_Forward-251001-CRO_24cecd9a.tiff,298,36.80661456312185,359.4395953429868,2887.5594748590224,3102.6877496475563,295.6860902255639,317.71522556390977,1,0
PEGDA01TPO10SiNPSam02_S2_P__GrID039_LOC_RC010006-5.00x5.00-Z Height_Forward-251001-CRO_24cecd9a.tiff,299,10.881694613449236,106.2665489594652,3216.0933299731178,2931.945144489247,329.32795698924724,300.2311827956989,0,0
PEGDA01TPO10SiNPSam02_S2_P__GrID039_LOC_RC010006-5.00x5.00-Z Height_Forward-251001-CRO_24cecd9a.tiff,300,2.256758334191025,22.03865560733423,3044.4335937499995,2905.2734375,311.74999999999994,297.5,0,0
PEGDA01TPO10SiNPSam02_S2_P__GrID039_LOC_RC010006-5.00x5.00-Z Height_Forward-251001-CRO_24cecd9a.tiff,301,1.5957691216057308,15.583682828180965,2314.4531249999995,2915.0390625,236.99999999999994,298.5,0,0
PEGDA01TPO10SiNPSam02_S2_P__GrID039_LOC_RC010006-5.00x5.00-Z Height_Forward-251001-CRO_24cecd9a.tiff,302,16.96325844612841,165.65682076297276,1616.8158877212388,3010.3187223451328,165.56194690265485,308.2566371681416,0,0
PEGDA01TPO10SiNPSam02_S2_P__GrID039_LOC_RC010006-5.00x5.00-Z Height_Forward-251001-CRO_24cecd9a.tiff,303,2.256758334191025,22.03865560733423,1718.7499999999998,2978.5156249999995,175.99999999999997,304.99999999999994,0,0
PEGDA01TPO10SiNPSam02_S2_P__GrID039_LOC_RC010006-5.00x5.00-Z Height_Forward-251001-CRO_24cecd9a.tiff,304,7.136496464611085,69.69234828721763,888.9160156249999,3023.4375,91.02499999999999,309.6,0,0
PEGDA01TPO10SiNPSam02_S2_P__GrID039_LOC_RC010006-5.00x5.00-Z Height_Forward-251001-CRO_24cecd9a.tiff,305,2.985410660720923,29.154400983602766,3855.3292410714284,3044.7823660714284,394.7857142857143,311.7857142857143,0,0
PEGDA01TPO10SiNPSam02_S2_P__GrID039_LOC_RC010006-5.00x5.00-Z Height_Forward-251001-CRO_24cecd9a.tiff,306,26.558891313141824,259.3641729799006,3965.9366538808663,3210.4932874548736,406.1119133574007,328.75451263537906,0,0
PEGDA01TPO10SiNPSam02_S2_P__GrID039_LOC_RC010006-5.00x5.00-Z Height_Forward-251001-CRO_24cecd9a.tiff,307,13.446189622059965,131.31044552792935,2519.1873899647885,3129.7452684859154,257.96478873239437,320.48591549295776,0,0
PEGDA01TPO10SiNPSam02_S2_P__GrID039_LOC_RC010006-5.00x5.00-Z Height_Forward-251001-CRO_24cecd9a.tiff,308,1.1283791670955126,11.019327803667116,3823.2421875,3061.5234374999995,391.5,313.49999999999994,0,0
PEGDA01TPO10SiNPSam02_S2_P__GrID039_LOC_RC010006-5.00x5.00-Z Height_Forward-251001-CRO_24cecd9a.tiff,309,1.1283791670955126,11.019327803667116,3139.6484374999995,3081.0546875,321.49999999999994,315.5,0,0
PEGDA01TPO10SiNPSam02_S2_P__GrID039_LOC_RC010006-5.00x5.00-Z Height_Forward-251001-CRO_24cecd9a.tiff,310,4.918490759365935,48.03213632193296,3818.102384868421,3115.4913651315787,390.9736842105263,319.02631578947364,0,0
PEGDA01TPO10SiNPSam02_S2_P__GrID039_LOC_RC010006-5.00x5.00-Z Height_Forward-251001-CRO_24cecd9a.tiff,311,34.3368580162012,335.3208790644648,4765.171520653347,3337.7872738930882,487.95356371490277,341.7894168466522,0,0
PEGDA01TPO10SiNPSam02_S2_P__GrID039_LOC_RC010006-5.00x5.00-Z Height_Forward-251001-CRO_24cecd9a.tiff,312,2.256758334191025,22.03865560733423,3757.32421875,3100.5859375,384.75,317.5,0,0
PEGDA01TPO10SiNPSam02_S2_P__GrID039_LOC_RC010006-5.00x5.00-Z Height_Forward-251001-CRO_24cecd9a.tiff,313,5.4115163798060095,52.84683964654306,3150.263247282608,3111.2007472826085,322.58695652173907,318.5869565217391,0,0
PEGDA01TPO10SiNPSam02_S2_P__GrID039_LOC_RC010006-5.00x5.00-Z Height_Forward-251001-CRO_24cecd9a.tiff,314,17.983404693292407,175.61918645793367,4258.158526082677,3221.541277066929,436.03543307086613,329.8858267716535,0,0
PEGDA01TPO10SiNPSam02_S2_P__GrID039_LOC_RC010006-5.00x5.00-Z Height_Forward-251001-CRO_24cecd9a.tiff,315,1.5957691216057308,15.583682828180965,1767.5781249999998,3110.3515625,180.99999999999997,318.5,0,0
PEGDA01TPO10SiNPSam02_S2_P__GrID039_LOC_RC010006-5.00x5.00-Z Height_Forward-251001-CRO_24cecd9a.tiff,316,10.464157913908982,102.1890421280174,1780.8639171511627,3232.648982558139,182.36046511627907,331.0232558139534,0,0
PEGDA01TPO10SiNPSam02_S2_P__GrID039_LOC_RC010006-5.00x5.00-Z Height_Forward-251001-CRO_24cecd9a.tiff,317,18.437867513470433,180.0572999362347,3537.0033064138574,3327.9384655898875,362.189138576779,340.7808988764045,0,0
PEGDA01TPO10SiNPSam02_S2_P__GrID039_LOC_RC010006-5.00x5.00-Z Height_Forward-251001-CRO_24cecd9a.tiff,318,1.1283791670955126,11.019327803667116,3500.9765624999995,3217.7734374999995,358.49999999999994,329.49999999999994,0,0
PEGDA01TPO10SiNPSam02_S2_P__GrID039_LOC_RC010006-5.00x5.00-Z Height_Forward-251001-CRO_24cecd9a.tiff,319,3.742410318509555,36.54697576669488,3766.424005681818,3234.6413352272725,385.6818181818182,331.2272727272727,0,0
PEGDA01TPO10SiNPSam02_S2_P__GrID039_LOC_RC010006-5.00x5.00-Z Height_Forward-251001-CRO_24cecd9a.tiff,320,2.985410660720923,29.154400983602766,2241.2109374999995,3266.6015625,229.49999999999994,334.5,0,0
PEGDA01TPO10SiNPSam02_S2_P__GrID039_LOC_RC010006-5.00x5.00-Z Height_Forward-251001-CRO_24cecd9a.tiff,321,11.562445770562215,112.91450947814663,2582.542782738095,3322.777157738095,264.4523809523809,340.2523809523809,0,0
PEGDA01TPO10SiNPSam02_S2_P__GrID039_LOC_RC010006-5.00x5.00-Z Height_Forward-251001-CRO_24cecd9a.tiff,322,2.763953195770684,26.991730427448086,2841.796875,3271.4843749999995,291.0,334.99999999999994,0,0
PEGDA01TPO10SiNPSam02_S2_P__GrID039_LOC_RC010006-5.00x5.00-Z Height_Forward-251001-CRO_24cecd9a.tiff,323,2.256758334191025,22.03865560733423,3388.6718749999995,3261.7187499999995,346.99999999999994,333.99999999999994,0,0
PEGDA01TPO10SiNPSam02_S2_P__GrID039_LOC_RC010006-5.00x5.00-Z Height_Forward-251001-CRO_24cecd9a.tiff,324,7.225151993843567,70.55812493987858,4518.507050304877,3291.1347179878044,462.69512195121945,337.01219512195115,0,0
PEGDA01TPO10SiNPSam02_S2_P__GrID039_LOC_RC010006-5.00x5.00-Z Height_Forward-251001-CRO_24cecd9a.tiff,325,1.5957691216057308,15.583682828180965,3085.9374999999995,3266.6015625,315.99999999999994,334.5,0,0
PEGDA01TPO10SiNPSam02_S2_P__GrID039_LOC_RC010006-5.00x5.00-Z Height_Forward-251001-CRO_24cecd9a.tiff,326,1.5957691216057308,15.583682828180965,2797.8515625,3281.2499999999995,286.5,335.99999999999994,0,0
PEGDA01TPO10SiNPSam02_S2_P__GrID039_LOC_RC010006-5.00x5.00-Z Height_Forward-251001-CRO_24cecd9a.tiff,327,2.256758334191025,22.03865560733423,3146.9726562499995,3288.57421875,322.24999999999994,336.75,0,0
PEGDA01TPO10SiNPSam02_S2_P__GrID039_LOC_RC010006-5.00x5.00-Z Height_Forward-251001-CRO_24cecd9a.tiff,328,14.361922094451577,140.2531454536287,622.4681712962963,3383.6684992283945,63.74074074074074,346.4876543209876,0,0
PEGDA01TPO10SiNPSam02_S2_P__GrID039_LOC_RC010006-5.00x5.00-Z Height_Forward-251001-CRO_24cecd9a.tiff,329,2.256758334191025,22.03865560733423,605.4687499999999,3300.7812499999995,61.999999999999986,337.99999999999994,0,0
PEGDA01TPO10SiNPSam02_S2_P__GrID039_LOC_RC010006-5.00x5.00-Z Height_Forward-251001-CRO_24cecd9a.tiff,330,1.1283791670955126,11.019327803667116,3110.3515625,3305.6640624999995,318.5,338.49999999999994,0,0
PEGDA01TPO10SiNPSam02_S2_P__GrID039_LOC_RC010006-5.00x5.00-Z Height_Forward-251001-CRO_24cecd9a.tiff,331,7.312732791431452,71.41340616632277,3122.907366071428,3363.5602678571427,319.7857142857142,344.4285714285714,0,0
PEGDA01TPO10SiNPSam02_S2_P__GrID039_LOC_RC010006-5.00x5.00-Z Height_Forward-251001-CRO_24cecd9a.tiff,332,5.641895835477563,55.09663901833557,4125.9765625,3334.9609374999995,422.5,341.49999999999994,0,0
PEGDA01TPO10SiNPSam02_S2_P__GrID039_LOC_RC010006-5.00x5.00-Z Height_Forward-251001-CRO_24cecd9a.tiff,333,4.068428945128219,39.73075141726777,1798.7530048076922,3340.9705528846152,184.19230769230768,342.1153846153846,0,0
PEGDA01TPO10SiNPSam02_S2_P__GrID039_LOC_RC010006-5.00x5.00-Z Height_Forward-251001-CRO_24cecd9a.tiff,334,1.5957691216057308,15.583682828180965,4477.5390625,3330.078125,458.5,341.0,0,0
PEGDA01TPO10SiNPSam02_S2_P__GrID039_LOC_RC010006-5.00x5.00-Z Height_Forward-251001-CRO_24cecd9a.tiff,335,15.180789096653193,148.24989352200384,2272.989684046961,3453.6051881906074,232.7541436464088,353.64917127071817,0,0
PEGDA01TPO10SiNPSam02_S2_P__GrID039_LOC_RC010006-5.00x5.00-Z Height_Forward-251001-CRO_24cecd9a.tiff,336,5.4115163798060095,52.84683964654306,3741.720448369565,3365.5315896739125,383.15217391304344,344.63043478260863,0,0
PEGDA01TPO10SiNPSam02_S2_P__GrID039_LOC_RC010006-5.00x5.00-Z Height_Forward-251001-CRO_24cecd9a.tiff,337,1.1283791670955126,11.019327803667116,3647.4609374999995,3364.2578124999995,373.49999999999994,344.49999999999994,0,0
PEGDA01TPO10SiNPSam02_S2_P__GrID039_LOC_RC010006-5.00x5.00-Z Height_Forward-251001-CRO_24cecd9a.tiff,338,1.5957691216057308,15.583682828180965,2988.28125,3393.5546875,306.0,347.5,0,0
PEGDA01TPO10SiNPSam02_S2_P__GrID039_LOC_RC010006-5.00x5.00-Z Height_Forward-251001-CRO_24cecd9a.tiff,339,16.774562271083887,163.8140846785536,2994.799031391402,3528.1965851244345,306.66742081447956,361.2873303167421,0,0
PEGDA01TPO10SiNPSam02_S2_P__GrID039_LOC_RC010006-5.00x5.00-Z Height_Forward-251001-CRO_24cecd9a.tiff,340,2.5231325220201604,24.63996603535313,403.32031249999994,3416.9921874999995,41.3,349.9,0,0
PEGDA01TPO10SiNPSam02_S2_P__GrID039_LOC_RC010006-5.00x5.00-Z Height_Forward-251001-CRO_24cecd9a.tiff,341,2.5231325220201604,24.63996603535313,3344.7265624999995,3424.8046874999995,342.49999999999994,350.69999999999993,0,0
PEGDA01TPO10SiNPSam02_S2_P__GrID039_LOC_RC010006-5.00x5.00-Z Height_Forward-251001-CRO_24cecd9a.tiff,342,2.5231325220201604,24.63996603535313,47.8515625,3434.5703124999995,4.9,351.69999999999993,0,0
PEGDA01TPO10SiNPSam02_S2_P__GrID039_LOC_RC010006-5.00x5.00-Z Height_Forward-251001-CRO_24cecd9a.tiff,343,1.5957691216057308,15.583682828180965,3046.8749999999995,3422.8515625,311.99999999999994,350.5,0,0
PEGDA01TPO10SiNPSam02_S2_P__GrID039_LOC_RC010006-5.00x5.00-Z Height_Forward-251001-CRO_24cecd9a.tiff,344,22.736210219877808,222.0333029284942,4292.473252770936,3527.33893934729,439.54926108374383,361.1995073891625,0,0
PEGDA01TPO10SiNPSam02_S2_P__GrID039_LOC_RC010006-5.00x5.00-Z Height_Forward-251001-CRO_24cecd9a.tiff,345,5.046265044040321,49.27993207070626,528.80859375,3457.51953125,54.15,354.05,0,0
PEGDA01TPO10SiNPSam02_S2_P__GrID039_LOC_RC010006-5.00x5.00-Z Height_Forward-251001-CRO_24cecd9a.tiff,346,8.214724333230155,80.22191731670073,3437.4078714622638,3492.8692511792447,351.9905660377358,357.66981132075466,0,0
PEGDA01TPO10SiNPSam02_S2_P__GrID039_LOC_RC010006-5.00x5.00-Z Height_Forward-251001-CRO_24cecd9a.tiff,347,2.985410660720923,29.154400983602766,4555.6640625,3459.123883928571,466.5,354.21428571428567,0,0
PEGDA01TPO10SiNPSam02_S2_P__GrID039_LOC_RC010006-5.00x5.00-Z Height_Forward-251001-CRO_24cecd9a.tiff,348,3.742410318509555,36.54697576669488,3517.8444602272725,3494.762073863636,360.2272727272727,357.8636363636363,0,0
PEGDA01TPO10SiNPSam02_S2_P__GrID039_LOC_RC010006-5.00x5.00-Z Height_Forward-251001-CRO_24cecd9a.tiff,349,1.5957691216057308,15.583682828180965,4584.960937499999,3486.328125,469.4999999999999,357.0,0,0
PEGDA01TPO10SiNPSam02_S2_P__GrID039_LOC_RC010006-5.00x5.00-Z Height_Forward-251001-CRO_24cecd9a.tiff,350,4.222008245644752,41.23054927387454,4929.5479910714275,3515.625,504.78571428571416,360.0,0,0
PEGDA01TPO10SiNPSam02_S2_P__GrID039_LOC_RC010006-5.00x5.00-Z Height_Forward-251001-CRO_24cecd9a.tiff,351,9.0270333367641,88.15462242933692,1973.5717773437498,3540.6494140624995,202.09374999999997,362.56249999999994,0,0
PEGDA01TPO10SiNPSam02_S2_P__GrID039_LOC_RC010006-5.00x5.00-Z Height_Forward-251001-CRO_24cecd9a.tiff,352,18.333991376950163,179.04288454052895,4505.726207386363,3703.835227272727,461.38636363636357,379.27272727272725,0,0
PEGDA01TPO10SiNPSam02_S2_P__GrID039_LOC_RC010006-5.00x5.00-Z Height_Forward-251001-CRO_24cecd9a.tiff,353,42.997021047456954,419.8927836665718,3636.0609826962805,3946.0724969869148,372.3326446280991,404.0778236914601,1,0
PEGDA01TPO10SiNPSam02_S2_P__GrID039_LOC_RC010006-5.00x5.00-Z Height_Forward-251001-CRO_24cecd9a.tiff,354,2.256758334191025,22.03865560733423,4677.734375,3544.9218749999995,479.0,362.99999999999994,0,0
PEGDA01TPO10SiNPSam02_S2_P__GrID039_LOC_RC010006-5.00x5.00-Z Height_Forward-251001-CRO_24cecd9a.tiff,355,3.5682482323055424,34.84617414360881,1865.2343749999998,3562.4999999999995,190.99999999999997,364.79999999999995,0,0
PEGDA01TPO10SiNPSam02_S2_P__GrID039_LOC_RC010006-5.00x5.00-Z Height_Forward-251001-CRO_24cecd9a.tiff,356,2.763953195770684,26.991730427448086,2744.1406249999995,3569.3359375,280.99999999999994,365.5,0,0
PEGDA01TPO10SiNPSam02_S2_P__GrID039_LOC_RC010006-5.00x5.00-Z Height_Forward-251001-CRO_24cecd9a.tiff,357,6.180387232371033,60.35534406612337,4990.234375,3638.997395833333,511.0,372.6333333333333,0,0
PEGDA01TPO10SiNPSam02_S2_P__GrID039_LOC_RC010006-5.00x5.00-Z Height_Forward-251001-CRO_24cecd9a.tiff,358,2.256758334191025,22.03865560733423,3095.7031249999995,3574.2187499999995,316.99999999999994,365.99999999999994,0,0
PEGDA01TPO10SiNPSam02_S2_P__GrID039_LOC_RC010006-5.00x5.00-Z Height_Forward-251001-CRO_24cecd9a.tiff,359,1.1283791670955126,11.019327803667116,3442.3828124999995,3569.3359375,352.49999999999994,365.5,0,0
PEGDA01TPO10SiNPSam02_S2_P__GrID039_LOC_RC010006-5.00x5.00-Z Height_Forward-251001-CRO_24cecd9a.tiff,360,6.6755811781245455,65.19122244262252,3915.5970982142853,3619.0011160714284,400.9571428571428,370.5857142857143,0,0
PEGDA01TPO10SiNPSam02_S2_P__GrID039_LOC_RC010006-5.00x5.00-Z Height_Forward-251001-CRO_24cecd9a.tiff,361,7.399277020331919,72.2585646516789,4078.283975290697,3610.669513081395,417.61627906976736,369.73255813953483,0,0
PEGDA01TPO10SiNPSam02_S2_P__GrID039_LOC_RC010006-5.00x5.00-Z Height_Forward-251001-CRO_24cecd9a.tiff,362,2.256758334191025,22.03865560733423,2324.2187499999995,3593.7499999999995,237.99999999999994,367.99999999999994,0,0
PEGDA01TPO10SiNPSam02_S2_P__GrID039_LOC_RC010006-5.00x5.00-Z Height_Forward-251001-CRO_24cecd9a.tiff,363,2.256758334191025,22.03865560733423,3942.8710937499995,3610.83984375,403.74999999999994,369.75,0,0
PEGDA01TPO10SiNPSam02_S2_P__GrID039_LOC_RC010006-5.00x5.00-Z Height_Forward-251001-CRO_24cecd9a.tiff,364,1.1283791670955126,11.019327803667116,4897.460937499999,3608.3984374999995,501.4999999999999,369.49999999999994,0,0
PEGDA01TPO10SiNPSam02_S2_P__GrID039_LOC_RC010006-5.00x5.00-Z Height_Forward-251001-CRO_24cecd9a.tiff,365,9.772050238058398,95.43017810603904,4387.434895833333,3674.283854166666,449.2733333333333,376.2466666666666,0,0
PEGDA01TPO10SiNPSam02_S2_P__GrID039_LOC_RC010006-5.00x5.00-Z Height_Forward-251001-CRO_24cecd9a.tiff,366,24.17471718621419,236.08122252162292,4858.398437499999,3821.710324754901,497.4999999999999,391.3431372549019,0,0
PEGDA01TPO10SiNPSam02_S2_P__GrID039_LOC_RC010006-5.00x5.00-Z Height_Forward-251001-CRO_24cecd9a.tiff,367,8.214724333230155,80.22191731670073,2553.8951945754716,3675.8365271226417,261.5188679245283,376.4056603773585,0,0
PEGDA01TPO10SiNPSam02_S2_P__GrID039_LOC_RC010006-5.00x5.00-Z Height_Forward-251001-CRO_24cecd9a.tiff,368,13.773623058786647,134.50803768346336,4662.037279781879,3738.038747902684,477.39261744966444,382.7751677852348,0,0
PEGDA01TPO10SiNPSam02_S2_P__GrID039_LOC_RC010006-5.00x5.00-Z Height_Forward-251001-CRO_24cecd9a.tiff,369,1.1283791670955126,11.019327803667116,3940.4296874999995,3676.7578124999995,403.49999999999994,376.49999999999994,0,0
PEGDA01TPO10SiNPSam02_S2_P__GrID039_LOC_RC010006-5.00x5.00-Z Height_Forward-251001-CRO_24cecd9a.tiff,370,1.1283791670955126,11.019327803667116,4428.7109375,3676.7578124999995,453.5,376.49999999999994,0,0
PEGDA01TPO10SiNPSam02_S2_P__GrID039_LOC_RC010006-5.00x5.00-Z Height_Forward-251001-CRO_24cecd9a.tiff,371,13.207339536360731,128.97792515977275,1821.574190237226,3759.2310104927005,186.52919708029194,384.94525547445255,0,0
PEGDA01TPO10SiNPSam02_S2_P__GrID039_LOC_RC010006-5.00x5.00-Z Height_Forward-251001-CRO_24cecd9a.tiff,372,1.1283791670955126,11.019327803667116,2192.3828124999995,3696.2890624999995,224.49999999999994,378.49999999999994,0,0
PEGDA01TPO10SiNPSam02_S2_P__GrID039_LOC_RC010006-5.00x5.00-Z Height_Forward-251001-CRO_24cecd9a.tiff,373,1.9544100476116797,19.08603562120781,4191.080729166667,3699.5442708333326,429.1666666666667,378.83333333333326,0,0
PEGDA01TPO10SiNPSam02_S2_P__GrID039_LOC_RC010006-5.00x5.00-Z Height_Forward-251001-CRO_24cecd9a.tiff,374,6.579524642479541,64.25317033671426,2784.6392463235293,3744.5427389705883,285.1470588235294,383.44117647058823,0,0
PEGDA01TPO10SiNPSam02_S2_P__GrID039_LOC_RC010006-5.00x5.00-Z Height_Forward-251001-CRO_24cecd9a.tiff,375,2.256758334191025,22.03865560733423,2053.22265625,3728.0273437499995,210.25,381.74999999999994,0,0
PEGDA01TPO10SiNPSam02_S2_P__GrID039_LOC_RC010006-5.00x5.00-Z Height_Forward-251001-CRO_24cecd9a.tiff,376,6.076507779746499,59.340896286586904,3896.316002155172,3735.688308189655,398.98275862068965,382.53448275862064,0,0
PEGDA01TPO10SiNPSam02_S2_P__GrID039_LOC_RC010006-5.00x5.00-Z Height_Forward-251001-CRO_24cecd9a.tiff,377,29.811427376513585,291.1272204737655,1825.3604047277936,3941.3530847063034,186.91690544412606,403.59455587392546,0,0
PEGDA01TPO10SiNPSam02_S2_P__GrID039_LOC_RC010006-5.00x5.00-Z Height_Forward-251001-CRO_24cecd9a.tiff,378,44.20885319897447,431.72708202123505,3306.8219411644945,4177.336751832247,338.61856677524423,427.7592833876221,1,0
PEGDA01TPO10SiNPSam02_S2_P__GrID039_LOC_RC010006-5.00x5.00-Z Height_Forward-251001-CRO_24cecd9a.tiff,379,8.214724333230155,80.22191731670073,3409.5850530660373,3765.3854658018868,349.1415094339622,385.57547169811323,0,0
PEGDA01TPO10SiNPSam02_S2_P__GrID039_LOC_RC010006-5.00x5.00-Z Height_Forward-251001-CRO_24cecd9a.tiff,380,1.1283791670955126,11.019327803667116,3247.0703125,3745.1171875,332.5,383.5,0,0
PEGDA01TPO10SiNPSam02_S2_P__GrID039_LOC_RC010006-5.00x5.00-Z Height_Forward-251001-CRO_24cecd9a.tiff,381,1.1283791670955126,11.019327803667116,3247.0703125,3793.9453124999995,332.5,388.49999999999994,0,0
PEGDA01TPO10SiNPSam02_S2_P__GrID039_LOC_RC010006-5.00x5.00-Z Height_Forward-251001-CRO_24cecd9a.tiff,382,1.9544100476116797,19.08603562120781,4106.4453125,3803.7109374999995,420.5,389.49999999999994,0,0
PEGDA01TPO10SiNPSam02_S2_P__GrID039_LOC_RC010006-5.00x5.00-Z Height_Forward-251001-CRO_24cecd9a.tiff,383,2.763953195770684,26.991730427448086,2246.09375,3813.4765624999995,230.0,390.49999999999994,0,0
PEGDA01TPO10SiNPSam02_S2_P__GrID039_LOC_RC010006-5.00x5.00-Z Height_Forward-251001-CRO_24cecd9a.tiff,384,7.653039857325812,74.73671735669738,2972.1467391304345,3858.9079483695646,304.3478260869565,395.1521739130434,0,0
PEGDA01TPO10SiNPSam02_S2_P__GrID039_LOC_RC010006-5.00x5.00-Z Height_Forward-251001-CRO_24cecd9a.tiff,385,20.867389014906145,203.78309584869282,2593.230308845029,3971.9823647660814,265.54678362573094,406.7309941520467,0,0
PEGDA01TPO10SiNPSam02_S2_P__GrID039_LOC_RC010006-5.00x5.00-Z Height_Forward-251001-CRO_24cecd9a.tiff,386,22.98683125324351,224.48077395745614,4063.5471573795176,3916.145048945783,416.1072289156626,401.01325301204815,0,0
PEGDA01TPO10SiNPSam02_S2_P__GrID039_LOC_RC010006-5.00x5.00-Z Height_Forward-251001-CRO_24cecd9a.tiff,387,1.9544100476116797,19.08603562120781,4099.934895833333,3829.752604166666,419.8333333333333,392.16666666666663,0,0
PEGDA01TPO10SiNPSam02_S2_P__GrID039_LOC_RC010006-5.00x5.00-Z Height_Forward-251001-CRO_24cecd9a.tiff,388,14.96964127403822,146.1879030667795,4356.023615056818,3899.0367542613635,446.0568181818182,399.2613636363636,0,0
PEGDA01TPO10SiNPSam02_S2_P__GrID039_LOC_RC010006-5.00x5.00-Z Height_Forward-251001-CRO_24cecd9a.tiff,389,47.24393000080264,461.3665039140883,2065.919918532515,4229.638142648317,211.55019965772954,433.1149458071876,1,0
PEGDA01TPO10SiNPSam02_S2_P__GrID039_LOC_RC010006-5.00x5.00-Z Height_Forward-251001-CRO_24cecd9a.tiff,390,2.763953195770684,26.991730427448086,2753.9062499999995,3857.4218749999995,281.99999999999994,394.99999999999994,0,0
PEGDA01TPO10SiNPSam02_S2_P__GrID039_LOC_RC010006-5.00x5.00-Z Height_Forward-251001-CRO_24cecd9a.tiff,391,1.5957691216057308,15.583682828180965,2333.9843749999995,3881.8359374999995,238.99999999999994,397.49999999999994,0,0
PEGDA01TPO10SiNPSam02_S2_P__GrID039_LOC_RC010006-5.00x5.00-Z Height_Forward-251001-CRO_24cecd9a.tiff,392,1.5957691216057308,15.583682828180965,2314.4531249999995,3891.6015625,236.99999999999994,398.5,0,0
PEGDA01TPO10SiNPSam02_S2_P__GrID039_LOC_RC010006-5.00x5.00-Z Height_Forward-251001-CRO_24cecd9a.tiff,393,24.201036973199617,236.33825169140252,4543.287194293477,4080.3753396739125,465.23260869565206,417.8304347826086,0,0
PEGDA01TPO10SiNPSam02_S2_P__GrID039_LOC_RC010006-5.00x5.00-Z Height_Forward-251001-CRO_24cecd9a.tiff,394,9.574614729634384,93.50209696908577,2752.6855468749995,3986.4095052083326,281.87499999999994,408.20833333333326,0,0
PEGDA01TPO10SiNPSam02_S2_P__GrID039_LOC_RC010006-5.00x5.00-Z Height_Forward-251001-CRO_24cecd9a.tiff,395,2.256758334191025,22.03865560733423,898.4374999999999,3984.3749999999995,91.99999999999999,407.99999999999994,0,0
PEGDA01TPO10SiNPSam02_S2_P__GrID039_LOC_RC010006-5.00x5.00-Z Height_Forward-251001-CRO_24cecd9a.tiff,396,1.9544100476116797,19.08603562120781,2364.908854166666,3986.0026041666665,242.1666666666666,408.16666666666663,0,0
PEGDA01TPO10SiNPSam02_S2_P__GrID039_LOC_RC010006-5.00x5.00-Z Height_Forward-251001-CRO_24cecd9a.tiff,397,3.9088200952233594,38.17207124241562,2439.7786458333335,3991.69921875,249.83333333333334,408.75,0,0
PEGDA01TPO10SiNPSam02_S2_P__GrID039_LOC_RC010006-5.00x5.00-Z Height_Forward-251001-CRO_24cecd9a.tiff,398,12.565098628628435,122.70604129519957,940.8077116935483,4042.653729838709,96.33870967741935,413.9677419354838,0,0
PEGDA01TPO10SiNPSam02_S2_P__GrID039_LOC_RC010006-5.00x5.00-Z Height_Forward-251001-CRO_24cecd9a.tiff,399,3.385137501286538,33.057983411001345,4988.606770833333,4050.021701388889,510.8333333333333,414.72222222222223,0,0
PEGDA01TPO10SiNPSam02_S2_P__GrID039_LOC_RC010006-5.00x5.00-Z Height_Forward-251001-CRO_24cecd9a.tiff,400,2.5231325220201604,24.63996603535313,1102.5390625,4059.570312499999,112.9,415.69999999999993,0,0
PEGDA01TPO10SiNPSam02_S2_P__GrID039_LOC_RC010006-5.00x5.00-Z Height_Forward-251001-CRO_24cecd9a.tiff,401,1.1283791670955126,11.019327803667116,2788.0859375,4047.8515624999995,285.5,414.49999999999994,0,0
PEGDA01TPO10SiNPSam02_S2_P__GrID039_LOC_RC010006-5.00x5.00-Z Height_Forward-251001-CRO_24cecd9a.tiff,402,11.340070282773887,110.74287385521374,2787.8925587871286,4120.078511757426,285.48019801980195,421.89603960396045,0,0
PEGDA01TPO10SiNPSam02_S2_P__GrID039_LOC_RC010006-5.00x5.00-Z Height_Forward-251001-CRO_24cecd9a.tiff,403,5.970821321441846,58.30880196720553,4936.5234375,4124.581473214285,505.5,422.35714285714283,0,0
PEGDA01TPO10SiNPSam02_S2_P__GrID039_LOC_RC010006-5.00x5.00-Z Height_Forward-251001-CRO_24cecd9a.tiff,404,1.9544100476116797,19.08603562120781,2999.6744791666665,4083.658854166667,307.16666666666663,418.1666666666667,0,0
PEGDA01TPO10SiNPSam02_S2_P__GrID039_LOC_RC010006-5.00x5.00-Z Height_Forward-251001-CRO_24cecd9a.tiff,405,23.014509567006368,224.75106999029657,4180.7204026442305,4195.697490985576,428.1057692307692,429.639423076923,0,0
PEGDA01TPO10SiNPSam02_S2_P__GrID039_LOC_RC010006-5.00x5.00-Z Height_Forward-251001-CRO_24cecd9a.tiff,406,31.695204697178458,309.52348337088335,2970.6746573986056,4437.040805212293,304.1970849176172,454.3529784537388,0,0
PEGDA01TPO10SiNPSam02_S2_P__GrID039_LOC_RC010006-5.00x5.00-Z Height_Forward-251001-CRO_24cecd9a.tiff,407,1.1283791670955126,11.019327803667116,4995.1171875,4106.4453125,511.5,420.5,0,0
PEGDA01TPO10SiNPSam02_S2_P__GrID039_LOC_RC010006-5.00x5.00-Z Height_Forward-251001-CRO_24cecd9a.tiff,408,22.847936741452536,223.12438224074742,1542.802019817073,4270.579268292683,157.98292682926828,437.30731707317074,0,0
PEGDA01TPO10SiNPSam02_S2_P__GrID039_LOC_RC010006-5.00x5.00-Z Height_Forward-251001-CRO_24cecd9a.tiff,409,21.43920417481474,209.3672282696752,2462.655276142659,4244.868312846261,252.1759002770083,434.6745152354571,0,0
PEGDA01TPO10SiNPSam02_S2_P__GrID039_LOC_RC010006-5.00x5.00-Z Height_Forward-251001-CRO_24cecd9a.tiff,410,11.451797811161432,111.83396299962337,1294.2297481796115,4202.110512742718,132.52912621359224,430.29611650485435,0,0
PEGDA01TPO10SiNPSam02_S2_P__GrID039_LOC_RC010006-5.00x5.00-Z Height_Forward-251001-CRO_24cecd9a.tiff,411,1.5957691216057308,15.583682828180965,4003.9062499999995,4145.5078125,409.99999999999994,424.5,0,0
PEGDA01TPO10SiNPSam02_S2_P__GrID039_LOC_RC010006-5.00x5.00-Z Height_Forward-251001-CRO_24cecd9a.tiff,412,2.256758334191025,22.03865560733423,1240.2343749999998,4160.15625,126.99999999999997,426.0,0,0
PEGDA01TPO10SiNPSam02_S2_P__GrID039_LOC_RC010006-5.00x5.00-Z Height_Forward-251001-CRO_24cecd9a.tiff,413,1.1283791670955126,11.019327803667116,4975.5859375,4155.273437499999,509.5,425.4999999999999,0,0
PEGDA01TPO10SiNPSam02_S2_P__GrID039_LOC_RC010006-5.00x5.00-Z Height_Forward-251001-CRO_24cecd9a.tiff,414,1.1283791670955126,11.019327803667116,4995.1171875,4174.804687499999,511.5,427.4999999999999,0,0
PEGDA01TPO10SiNPSam02_S2_P__GrID039_LOC_RC010006-5.00x5.00-Z Height_Forward-251001-CRO_24cecd9a.tiff,415,1.5957691216057308,15.583682828180965,4941.406249999999,4204.1015625,505.9999999999999,430.5,0,0
PEGDA01TPO10SiNPSam02_S2_P__GrID039_LOC_RC010006-5.00x5.00-Z Height_Forward-251001-CRO_24cecd9a.tiff,416,25.40733061895184,248.11846307570156,108.58720106015777,4384.910086908284,11.119329388560155,449.0147928994083,0,0
PEGDA01TPO10SiNPSam02_S2_P__GrID039_LOC_RC010006-5.00x5.00-Z Height_Forward-251001-CRO_24cecd9a.tiff,417,1.5957691216057308,15.583682828180965,3593.7499999999995,4213.867187499999,367.99999999999994,431.4999999999999,0,0
PEGDA01TPO10SiNPSam02_S2_P__GrID039_LOC_RC010006-5.00x5.00-Z Height_Forward-251001-CRO_24cecd9a.tiff,418,43.87639674858871,428.48043699793664,4788.017474785052,4610.886346726191,490.29298941798936,472.1547619047619,0,0
PEGDA01TPO10SiNPSam02_S2_P__GrID039_LOC_RC010006-5.00x5.00-Z Height_Forward-251001-CRO_24cecd9a.tiff,419,1.1283791670955126,11.019327803667116,3588.8671875,4233.398437499999,367.5,433.4999999999999,0,0
PEGDA01TPO10SiNPSam02_S2_P__GrID039_LOC_RC010006-5.00x5.00-Z Height_Forward-251001-CRO_24cecd9a.tiff,420,1.5957691216057308,15.583682828180965,419.92187499999994,4243.1640625,42.99999999999999,434.5,0,0
PEGDA01TPO10SiNPSam02_S2_P__GrID039_LOC_RC010006-5.00x5.00-Z Height_Forward-251001-CRO_24cecd9a.tiff,421,4.068428945128219,39.73075141726777,566.7818509615383,4267.953725961538,58.038461538461526,437.0384615384615,0,0
PEGDA01TPO10SiNPSam02_S2_P__GrID039_LOC_RC010006-5.00x5.00-Z Height_Forward-251001-CRO_24cecd9a.tiff,422,23.85661494212072,232.97475529414768,2773.7542820190156,4397.862922958612,284.0324384787472,450.3411633109619,0,0
PEGDA01TPO10SiNPSam02_S2_P__GrID039_LOC_RC010006-5.00x5.00-Z Height_Forward-251001-CRO_24cecd9a.tiff,423,5.641895835477563,55.09663901833557,3890.4296875,4279.882812499999,398.38,438.25999999999993,0,0
PEGDA01TPO10SiNPSam02_S2_P__GrID039_LOC_RC010006-5.00x5.00-Z Height_Forward-251001-CRO_24cecd9a.tiff,424,3.385137501286538,33.057983411001345,4988.606770833333,4281.141493055556,510.8333333333333,438.3888888888889,0,0
PEGDA01TPO10SiNPSam02_S2_P__GrID039_LOC_RC010006-5.00x5.00-Z Height_Forward-251001-CRO_24cecd9a.tiff,425,18.159544104586082,177.33929789634846,423.33418798262545,4399.112421573358,43.349420849420845,450.46911196911185,0,0
PEGDA01TPO10SiNPSam02_S2_P__GrID039_LOC_RC010006-5.00x5.00-Z Height_Forward-251001-CRO_24cecd9a.tiff,426,6.282549314314218,61.353020647599784,1322.6121471774193,4297.347530241936,135.43548387096774,440.0483870967742,0,0
PEGDA01TPO10SiNPSam02_S2_P__GrID039_LOC_RC010006-5.00x5.00-Z Height_Forward-251001-CRO_24cecd9a.tiff,427,1.9544100476116797,19.08603562120781,4051.106770833333,4278.971354166667,414.8333333333333,438.1666666666667,0,0
PEGDA01TPO10SiNPSam02_S2_P__GrID039_LOC_RC010006-5.00x5.00-Z Height_Forward-251001-CRO_24cecd9a.tiff,428,5.753627391751592,56.18776749757414,613.7319711538462,4323.167067307692,62.84615384615385,442.6923076923077,0,0
PEGDA01TPO10SiNPSam02_S2_P__GrID039_LOC_RC010006-5.00x5.00-Z Height_Forward-251001-CRO_24cecd9a.tiff,429,27.45465007031079,268.1118170928788,1153.3500052787163,4515.430347339527,118.10304054054055,462.38006756756755,0,0
PEGDA01TPO10SiNPSam02_S2_P__GrID039_LOC_RC010006-5.00x5.00-Z Height_Forward-251001-CRO_24cecd9a.tiff,430,2.256758334191025,22.03865560733423,3889.16015625,4318.847656249999,398.25,442.2499999999999,0,0
PEGDA01TPO10SiNPSam02_S2_P__GrID039_LOC_RC010006-5.00x5.00-Z Height_Forward-251001-CRO_24cecd9a.tiff,431,10.764051215546116,105.11768765181755,4170.619419642856,4402.311555631868,427.07142857142844,450.7967032967033,0,0
PEGDA01TPO10SiNPSam02_S2_P__GrID039_LOC_RC010006-5.00x5.00-Z Height_Forward-251001-CRO_24cecd9a.tiff,432,14.361922094451577,140.2531454536287,3889.1902970679007,4464.8196373456785,398.253086419753,457.19753086419746,0,0
PEGDA01TPO10SiNPSam02_S2_P__GrID039_LOC_RC010006-5.00x5.00-Z Height_Forward-251001-CRO_24cecd9a.tiff,433,2.256758334191025,22.03865560733423,7.324218749999999,4370.1171875,0.7499999999999999,447.5,0,0
PEGDA01TPO10SiNPSam02_S2_P__GrID039_LOC_RC010006-5.00x5.00-Z Height_Forward-251001-CRO_24cecd9a.tiff,434,1.5957691216057308,15.583682828180965,922.8515624999999,4394.53125,94.49999999999999,450.0,0,0
PEGDA01TPO10SiNPSam02_S2_P__GrID039_LOC_RC010006-5.00x5.00-Z Height_Forward-251001-CRO_24cecd9a.tiff,435,1.5957691216057308,15.583682828180965,2416.9921875,4404.296874999999,247.5,450.9999999999999,0,0
PEGDA01TPO10SiNPSam02_S2_P__GrID039_LOC_RC010006-5.00x5.00-Z Height_Forward-251001-CRO_24cecd9a.tiff,436,3.9088200952233594,38.17207124241562,586.7513020833334,4431.15234375,60.083333333333336,453.75,0,0
PEGDA01TPO10SiNPSam02_S2_P__GrID039_LOC_RC010006-5.00x5.00-Z Height_Forward-251001-CRO_24cecd9a.tiff,437,1.5957691216057308,15.583682828180965,659.1796874999999,4423.828124999999,67.49999999999999,452.9999999999999,0,0
PEGDA01TPO10SiNPSam02_S2_P__GrID039_LOC_RC010006-5.00x5.00-Z Height_Forward-251001-CRO_24cecd9a.tiff,438,3.5682482323055424,34.84617414360881,1482.421875,4434.5703125,151.8,454.1,0,0
PEGDA01TPO10SiNPSam02_S2_P__GrID039_LOC_RC010006-5.00x5.00-Z Height_Forward-251001-CRO_24cecd9a.tiff,439,6.076507779746499,59.340896286586904,3210.3650323275856,4462.722252155172,328.74137931034477,456.98275862068965,0,0
PEGDA01TPO10SiNPSam02_S2_P__GrID039_LOC_RC010006-5.00x5.00-Z Height_Forward-251001-CRO_24cecd9a.tiff,440,10.217907939900583,99.78425722559163,2605.2782012195116,4500.881288109756,266.78048780487796,460.89024390243895,0,0
PEGDA01TPO10SiNPSam02_S2_P__GrID039_LOC_RC010006-5.00x5.00-Z Height_Forward-251001-CRO_24cecd9a.tiff,441,7.978845608028654,77.91841414090483,237.109375,4496.875,24.28,460.48,0,0
PEGDA01TPO10SiNPSam02_S2_P__GrID039_LOC_RC010006-5.00x5.00-Z Height_Forward-251001-CRO_24cecd9a.tiff,442,1.1283791670955126,11.019327803667116,4575.1953125,4448.2421875,468.5,455.5,0,0
PEGDA01TPO10SiNPSam02_S2_P__GrID039_LOC_RC010006-5.00x5.00-Z Height_Forward-251001-CRO_24cecd9a.tiff,443,1.5957691216057308,15.583682828180965,1455.0781249999998,4458.0078125,148.99999999999997,456.5,0,0
PEGDA01TPO10SiNPSam02_S2_P__GrID039_LOC_RC010006-5.00x5.00-Z Height_Forward-251001-CRO_24cecd9a.tiff,444,40.370120352322566,394.2394565656501,2148.422241210937,4711.166381835937,219.99843749999997,482.4234374999999,1,0
PEGDA01TPO10SiNPSam02_S2_P__GrID039_LOC_RC010006-5.00x5.00-Z Height_Forward-251001-CRO_24cecd9a.tiff,445,18.982275710779543,185.37378623808146,4289.266094302119,4573.021339443462,439.220848056537,468.2773851590105,0,0
PEGDA01TPO10SiNPSam02_S2_P__GrID039_LOC_RC010006-5.00x5.00-Z Height_Forward-251001-CRO_24cecd9a.tiff,446,1.1283791670955126,11.019327803667116,4399.414062499999,4458.0078125,450.4999999999999,456.5,0,0
PEGDA01TPO10SiNPSam02_S2_P__GrID039_LOC_RC010006-5.00x5.00-Z Height_Forward-251001-CRO_24cecd9a.tiff,447,4.370193722368317,42.677673070003095,644.8567708333333,4498.372395833333,66.03333333333333,460.6333333333333,0,0
PEGDA01TPO10SiNPSam02_S2_P__GrID039_LOC_RC010006-5.00x5.00-Z Height_Forward-251001-CRO_24cecd9a.tiff,448,1.1283791670955126,11.019327803667116,2534.1796874999995,4506.835937499999,259.49999999999994,461.4999999999999,0,0
PEGDA01TPO10SiNPSam02_S2_P__GrID039_LOC_RC010006-5.00x5.00-Z Height_Forward-251001-CRO_24cecd9a.tiff,449,10.092530088080641,98.55986414141252,4048.8281249999995,4570.312499999999,414.59999999999997,467.9999999999999,0,0
PEGDA01TPO10SiNPSam02_S2_P__GrID039_LOC_RC010006-5.00x5.00-Z Height_Forward-251001-CRO_24cecd9a.tiff,450,26.60678836073137,259.8319175852673,856.8106452338129,4732.042491007193,87.73741007194245,484.5611510791366,0,0
PEGDA01TPO10SiNPSam02_S2_P__GrID039_LOC_RC010006-5.00x5.00-Z Height_Forward-251001-CRO_24cecd9a.tiff,451,10.940041919714261,106.83634687220957,1579.849567819149,4616.335605053192,161.77659574468083,472.71276595744683,0,0
PEGDA01TPO10SiNPSam02_S2_P__GrID039_LOC_RC010006-5.00x5.00-Z Height_Forward-251001-CRO_24cecd9a.tiff,452,6.180387232371033,60.35534406612337,3944.661458333333,4555.6640625,403.9333333333333,466.5,0,0
PEGDA01TPO10SiNPSam02_S2_P__GrID039_LOC_RC010006-5.00x5.00-Z Height_Forward-251001-CRO_24cecd9a.tiff,453,30.29860907292697,295.8848542278024,4370.035920162968,4815.8549865638,447.4916782246879,493.14355062413307,0,0
PEGDA01TPO10SiNPSam02_S2_P__GrID039_LOC_RC010006-5.00x5.00-Z Height_Forward-251001-CRO_24cecd9a.tiff,454,5.863230142835039,57.258106863623425,632.0529513888889,4592.55642361111,64.72222222222223,470.2777777777777,0,0
PEGDA01TPO10SiNPSam02_S2_P__GrID039_LOC_RC010006-5.00x5.00-Z Height_Forward-251001-CRO_24cecd9a.tiff,455,6.180387232371033,60.35534406612337,1693.3593749999998,4578.124999999999,173.39999999999998,468.7999999999999,0,0
PEGDA01TPO10SiNPSam02_S2_P__GrID039_LOC_RC010006-5.00x5.00-Z Height_Forward-251001-CRO_24cecd9a.tiff,456,16.03728119216293,156.6140741422161,3311.3203898514853,4712.107441212871,339.0792079207921,482.519801980198,0,0
PEGDA01TPO10SiNPSam02_S2_P__GrID039_LOC_RC010006-5.00x5.00-Z Height_Forward-251001-CRO_24cecd9a.tiff,457,1.9544100476116797,19.08603562120781,226.23697916666666,4568.684895833333,23.166666666666664,467.8333333333333,0,0
PEGDA01TPO10SiNPSam02_S2_P__GrID039_LOC_RC010006-5.00x5.00-Z Height_Forward-251001-CRO_24cecd9a.tiff,458,2.256758334191025,22.03865560733423,957.03125,4570.312499999999,98.0,467.9999999999999,0,0
PEGDA01TPO10SiNPSam02_S2_P__GrID039_LOC_RC010006-5.00x5.00-Z Height_Forward-251001-CRO_24cecd9a.tiff,459,5.863230142835039,57.258106863623425,528.6096643518517,4605.938946759259,54.12962962962962,471.64814814814815,0,0
PEGDA01TPO10SiNPSam02_S2_P__GrID039_LOC_RC010006-5.00x5.00-Z Height_Forward-251001-CRO_24cecd9a.tiff,460,22.255115881567058,217.3351160309283,1874.962343348329,4802.189608772494,191.99614395886888,491.74421593830334,0,0
PEGDA01TPO10SiNPSam02_S2_P__GrID039_LOC_RC010006-5.00x5.00-Z Height_Forward-251001-CRO_24cecd9a.tiff,461,1.1283791670955126,11.019327803667116,53.71093749999999,4584.960937499999,5.499999999999999,469.4999999999999,0,0
PEGDA01TPO10SiNPSam02_S2_P__GrID039_LOC_RC010006-5.00x5.00-Z Height_Forward-251001-CRO_24cecd9a.tiff,462,2.763953195770684,26.991730427448086,2342.122395833333,4599.609375,239.83333333333331,471.0,0,0
PEGDA01TPO10SiNPSam02_S2_P__GrID039_LOC_RC010006-5.00x5.00-Z Height_Forward-251001-CRO_24cecd9a.tiff,463,28.456639830653998,277.89687334623045,2651.1522209119494,4842.598393278302,271.4779874213836,495.8820754716981,0,0
PEGDA01TPO10SiNPSam02_S2_P__GrID039_LOC_RC010006-5.00x5.00-Z Height_Forward-251001-CRO_24cecd9a.tiff,464,1.1283791670955126,11.019327803667116,1538.0859374999998,4624.0234375,157.49999999999997,473.5,0,0
PEGDA01TPO10SiNPSam02_S2_P__GrID039_LOC_RC010006-5.00x5.00-Z Height_Forward-251001-CRO_24cecd9a.tiff,465,19.47884453275087,190.22309114014521,350.3827600671141,4751.76305578859,35.87919463087248,486.5805369127516,0,0
PEGDA01TPO10SiNPSam02_S2_P__GrID039_LOC_RC010006-5.00x5.00-Z Height_Forward-251001-CRO_24cecd9a.tiff,466,1.5957691216057308,15.583682828180965,1435.546875,4633.789062499999,147.0,474.4999999999999,0,0
PEGDA01TPO10SiNPSam02_S2_P__GrID039_LOC_RC010006-5.00x5.00-Z Height_Forward-251001-CRO_24cecd9a.tiff,467,2.763953195770684,26.991730427448086,3632.8125,4643.5546875,372.0,475.5,0,0
PEGDA01TPO10SiNPSam02_S2_P__GrID039_LOC_RC010006-5.00x5.00-Z Height_Forward-251001-CRO_24cecd9a.tiff,468,5.170882945826411,50.496903767836045,1451.1253720238096,4669.1313244047615,148.5952380952381,478.1190476190476,0,0
PEGDA01TPO10SiNPSam02_S2_P__GrID039_LOC_RC010006-5.00x5.00-Z Height_Forward-251001-CRO_24cecd9a.tiff,469,5.170882945826411,50.496903767836045,4077.1484375,4659.3656994047615,417.5,477.1190476190476,0,0
PEGDA01TPO10SiNPSam02_S2_P__GrID039_LOC_RC010006-5.00x5.00-Z Height_Forward-251001-CRO_24cecd9a.tiff,470,2.256758334191025,22.03865560733423,7.324218749999999,4665.52734375,0.7499999999999999,477.75,0,0
PEGDA01TPO10SiNPSam02_S2_P__GrID039_LOC_RC010006-5.00x5.00-Z Height_Forward-251001-CRO_24cecd9a.tiff,471,29.83277462405867,291.33568968807293,3864.2047232653786,4820.551401555794,395.6945636623748,493.6244635193133,0,0
PEGDA01TPO10SiNPSam02_S2_P__GrID039_LOC_RC010006-5.00x5.00-Z Height_Forward-251001-CRO_24cecd9a.tiff,472,2.5231325220201604,24.63996603535313,3614.2578125,4670.8984375,370.1,478.3,0,0
PEGDA01TPO10SiNPSam02_S2_P__GrID039_LOC_RC010006-5.00x5.00-Z Height_Forward-251001-CRO_24cecd9a.tiff,473,2.985410660720923,29.154400983602766,1041.4341517857142,4689.592633928571,106.64285714285714,480.2142857142856,0,0
PEGDA01TPO10SiNPSam02_S2_P__GrID039_LOC_RC010006-5.00x5.00-Z Height_Forward-251001-CRO_24cecd9a.tiff,474,3.9088200952233594,38.17207124241562,3177.083333333333,4702.962239583332,325.3333333333333,481.5833333333332,0,0
PEGDA01TPO10SiNPSam02_S2_P__GrID039_LOC_RC010006-5.00x5.00-Z Height_Forward-251001-CRO_24cecd9a.tiff,475,1.5957691216057308,15.583682828180965,3515.625,4682.6171875,360.0,479.5,0,0
PEGDA01TPO10SiNPSam02_S2_P__GrID039_LOC_RC010006-5.00x5.00-Z Height_Forward-251001-CRO_24cecd9a.tiff,476,21.290215544369623,207.9122611754846,82.67863412921348,4888.4359638342685,8.46629213483146,500.5758426966291,0,0
PEGDA01TPO10SiNPSam02_S2_P__GrID039_LOC_RC010006-5.00x5.00-Z Height_Forward-251001-CRO_24cecd9a.tiff,477,1.5957691216057308,15.583682828180965,4335.937499999999,4702.1484375,443.9999999999999,481.5,0,0
PEGDA01TPO10SiNPSam02_S2_P__GrID039_LOC_RC010006-5.00x5.00-Z Height_Forward-251001-CRO_24cecd9a.tiff,478,1.1283791670955126,11.019327803667116,4370.1171875,4702.1484375,447.5,481.5,0,0
PEGDA01TPO10SiNPSam02_S2_P__GrID039_LOC_RC010006-5.00x5.00-Z Height_Forward-251001-CRO_24cecd9a.tiff,479,16.698486766680407,163.07115983086334,1308.8835973173514,4796.326519691781,134.02968036529677,491.14383561643837,0,0
PEGDA01TPO10SiNPSam02_S2_P__GrID039_LOC_RC010006-5.00x5.00-Z Height_Forward-251001-CRO_24cecd9a.tiff,480,1.1283791670955126,11.019327803667116,2934.5703125,4711.914062499999,300.5,482.4999999999999,0,0
PEGDA01TPO10SiNPSam02_S2_P__GrID039_LOC_RC010006-5.00x5.00-Z Height_Forward-251001-CRO_24cecd9a.tiff,481,8.667244841319219,84.641062903508,574.7649629237287,4790.0390625,58.85593220338982,490.5,0,0
PEGDA01TPO10SiNPSam02_S2_P__GrID039_LOC_RC010006-5.00x5.00-Z Height_Forward-251001-CRO_24cecd9a.tiff,482,2.256758334191025,22.03865560733423,1074.2187499999998,4750.976562499999,109.99999999999997,486.4999999999999,0,0
PEGDA01TPO10SiNPSam02_S2_P__GrID039_LOC_RC010006-5.00x5.00-Z Height_Forward-251001-CRO_24cecd9a.tiff,483,3.9088200952233594,38.17207124241562,2994.791666666667,4769.694010416666,306.6666666666667,488.41666666666663,0,0
PEGDA01TPO10SiNPSam02_S2_P__GrID039_LOC_RC010006-5.00x5.00-Z Height_Forward-251001-CRO_24cecd9a.tiff,484,4.51351666838205,44.07731121466846,3422.8515625,4791.8701171875,350.5,490.6875,0,0
PEGDA01TPO10SiNPSam02_S2_P__GrID039_LOC_RC010006-5.00x5.00-Z Height_Forward-251001-CRO_24cecd9a.tiff,485,15.67594437773643,153.08539431383232,1639.9419122409324,4869.378440738341,167.9300518134715,498.62435233160613,0,0
PEGDA01TPO10SiNPSam02_S2_P__GrID039_LOC_RC010006-5.00x5.00-Z Height_Forward-251001-CRO_24cecd9a.tiff,486,1.1283791670955126,11.019327803667116,2973.6328124999995,4790.0390625,304.49999999999994,490.5,0,0
PEGDA01TPO10SiNPSam02_S2_P__GrID039_LOC_RC010006-5.00x5.00-Z Height_Forward-251001-CRO_24cecd9a.tiff,487,1.1283791670955126,11.019327803667116,2963.8671875,4799.804687499999,303.5,491.4999999999999,0,0
PEGDA01TPO10SiNPSam02_S2_P__GrID039_LOC_RC010006-5.00x5.00-Z Height_Forward-251001-CRO_24cecd9a.tiff,488,2.763953195770684,26.991730427448086,2294.9218749999995,4819.335937499999,234.99999999999994,493.4999999999999,0,0
PEGDA01TPO10SiNPSam02_S2_P__GrID039_LOC_RC010006-5.00x5.00-Z Height_Forward-251001-CRO_24cecd9a.tiff,489,19.899183360445615,194.32796250435172,1107.0482063906752,4917.588801245981,113.36173633440514,503.5610932475884,0,0
PEGDA01TPO10SiNPSam02_S2_P__GrID039_LOC_RC010006-5.00x5.00-Z Height_Forward-251001-CRO_24cecd9a.tiff,490,9.772050238058398,95.43017810603904,3613.8671874999995,4911.783854166666,370.05999999999995,502.9666666666666,0,0
PEGDA01TPO10SiNPSam02_S2_P__GrID039_LOC_RC010006-5.00x5.00-Z Height_Forward-251001-CRO_24cecd9a.tiff,491,4.652426491681278,45.43385245782498,2439.3956801470586,4899.758731617647,249.79411764705878,501.735294117647,0,0
PEGDA01TPO10SiNPSam02_S2_P__GrID039_LOC_RC010006-5.00x5.00-Z Height_Forward-251001-CRO_24cecd9a.tiff,492,11.340070282773887,110.74287385521374,415.71588799504946,4950.930151608911,42.56930693069307,506.9752475247525,0,0
PEGDA01TPO10SiNPSam02_S2_P__GrID039_LOC_RC010006-5.00x5.00-Z Height_Forward-251001-CRO_24cecd9a.tiff,493,1.5957691216057308,15.583682828180965,3261.7187499999995,4897.460937499999,333.99999999999994,501.4999999999999,0,0
PEGDA01TPO10SiNPSam02_S2_P__GrID039_LOC_RC010006-5.00x5.00-Z Height_Forward-251001-CRO_24cecd9a.tiff,494,1.1283791670955126,11.019327803667116,366.21093749999994,4907.2265625,37.49999999999999,502.5,0,0
PEGDA01TPO10SiNPSam02_S2_P__GrID039_LOC_RC010006-5.00x5.00-Z Height_Forward-251001-CRO_24cecd9a.tiff,495,8.95623198216277,87.4632029508083,1388.6563740079366,4949.234250992063,142.1984126984127,506.80158730158723,0,0
PEGDA01TPO10SiNPSam02_S2_P__GrID039_LOC_RC010006-5.00x5.00-Z Height_Forward-251001-CRO_24cecd9a.tiff,496,1.1283791670955126,11.019327803667116,2407.2265624999995,4907.2265625,246.49999999999994,502.5,0,0
PEGDA01TPO10SiNPSam02_S2_P__GrID039_LOC_RC010006-5.00x5.00-Z Height_Forward-251001-CRO_24cecd9a.tiff,497,1.5957691216057308,15.583682828180965,629.8828125,4921.874999999999,64.5,503.9999999999999,0,0
PEGDA01TPO10SiNPSam02_S2_P__GrID039_LOC_RC010006-5.00x5.00-Z Height_Forward-251001-CRO_24cecd9a.tiff,498,21.290215544369623,207.9122611754846,3290.686446629213,4968.1519926264045,336.9662921348314,508.7387640449438,0,0
PEGDA01TPO10SiNPSam02_S2_P__GrID039_LOC_RC010006-5.00x5.00-Z Height_Forward-251001-CRO_24cecd9a.tiff,499,3.9088200952233594,38.17207124241562,4020.9960937499995,4935.709635416666,411.74999999999994,505.41666666666663,0,0
PEGDA01TPO10SiNPSam02_S2_P__GrID039_LOC_RC010006-5.00x5.00-Z Height_Forward-251001-CRO_24cecd9a.tiff,500,7.978845608028654,77.91841414090483,1502.1484374999998,4964.257812499999,153.81999999999996,508.3399999999999,0,0
PEGDA01TPO10SiNPSam02_S2_P__GrID039_LOC_RC010006-5.00x5.00-Z Height_Forward-251001-CRO_24cecd9a.tiff,501,2.5231325220201604,24.63996603535313,502.92968749999994,4944.3359375,51.49999999999999,506.3,0,0
PEGDA01TPO10SiNPSam02_S2_P__GrID039_LOC_RC010006-5.00x5.00-Z Height_Forward-251001-CRO_24cecd9a.tiff,502,1.9544100476116797,19.08603562120781,597.3307291666666,4949.544270833333,61.166666666666664,506.8333333333333,0,0
PEGDA01TPO10SiNPSam02_S2_P__GrID039_LOC_RC010006-5.00x5.00-Z Height_Forward-251001-CRO_24cecd9a.tiff,503,1.9544100476116797,19.08603562120781,1886.3932291666663,4959.309895833332,193.16666666666663,507.8333333333332,0,0
PEGDA01TPO10SiNPSam02_S2_P__GrID039_LOC_RC010006-5.00x5.00-Z Height_Forward-251001-CRO_24cecd9a.tiff,504,3.5682482323055424,34.84617414360881,4001.953125,4986.328124999999,409.8,510.5999999999999,0,0
